 &plot nbnd=  27, nks=    60 /
            0.000000  0.000000  0.000000
  -91.293  -54.572  -54.572  -54.411  -49.774  -21.659  -21.572  -21.572  -15.313  -13.382
   -1.313   -1.033   -1.033    1.140    2.005    2.552    2.552    2.818    2.818    4.376
    5.591    6.458    6.458    9.227   12.914   12.999   15.879
            0.022727  0.013122  0.000000
  -91.293  -54.573  -54.573  -54.411  -49.774  -21.659  -21.574  -21.572  -15.307  -13.383
   -1.306   -1.040   -1.029    1.153    2.016    2.473    2.491    2.872    2.876    4.378
    5.599    6.443    6.453    9.244   12.930   13.017   15.898
            0.045455  0.026243  0.000000
  -91.293  -54.574  -54.573  -54.411  -49.774  -21.658  -21.579  -21.574  -15.289  -13.383
   -1.286   -1.060   -1.018    1.192    2.043    2.315    2.372    2.962    2.986    4.384
    5.623    6.400    6.441    9.293   12.978   13.071   15.952
            0.068182  0.039365  0.000000
  -91.292  -54.575  -54.573  -54.410  -49.773  -21.657  -21.586  -21.575  -15.260  -13.384
   -1.252   -1.092   -0.999    1.256    2.028    2.183    2.240    3.044    3.104    4.391
    5.660    6.336    6.422    9.374   13.055   13.160   16.042
            0.090909  0.052486  0.000000
  -91.292  -54.577  -54.574  -54.410  -49.771  -21.655  -21.596  -21.577  -15.220  -13.386
   -1.206   -1.131   -0.974    1.344    1.844    2.106    2.213    3.112    3.218    4.397
    5.704    6.260    6.397    9.484   13.157   13.283   16.166
            0.113636  0.065608  0.000000
  -91.292  -54.579  -54.574  -54.410  -49.770  -21.653  -21.610  -21.580  -15.170  -13.388
   -1.180   -1.145   -0.942    1.442    1.623    1.973    2.290    3.168    3.324    4.399
    5.737    6.196    6.367    9.621   13.277   13.436   16.324
            0.136364  0.078730  0.000000
  -91.292  -54.582  -54.575  -54.409  -49.768  -21.651  -21.625  -21.583  -15.109  -13.391
   -1.226   -1.079   -0.905    1.322    1.628    1.844    2.374    3.215    3.419    4.396
    5.729    6.184    6.335    9.781   13.412   13.617   16.510
            0.159091  0.091851  0.000000
  -91.291  -54.586  -54.576  -54.409  -49.766  -21.648  -21.642  -21.587  -15.039  -13.394
   -1.274   -1.003   -0.863    1.068    1.721    1.787    2.454    3.255    3.500    4.385
    5.665    6.244    6.303    9.963   13.557   13.820   16.235
            0.181818  0.104973  0.000000
  -91.291  -54.589  -54.576  -54.408  -49.764  -21.662  -21.645  -21.591  -14.961  -13.399
   -1.319   -0.922   -0.816    0.811    1.605    1.976    2.521    3.291    3.566    4.363
    5.576    6.273    6.359   10.163   13.709   14.038   15.548
            0.204545  0.118094  0.000000
  -91.291  -54.593  -54.577  -54.408  -49.761  -21.682  -21.642  -21.596  -14.875  -13.404
   -1.361   -0.843   -0.767    0.565    1.497    2.190    2.567    3.323    3.614    4.331
    5.490    6.248    6.509   10.379   13.865   14.244   14.900
            0.227273  0.131216  0.000000
  -91.290  -54.597  -54.578  -54.407  -49.759  -21.703  -21.638  -21.600  -14.784  -13.411
   -1.400   -0.774   -0.717    0.349    1.400    2.427    2.586    3.350    3.645    4.287
    5.424    6.229    6.687   10.608   14.016   14.100   14.633
            0.250000  0.144338  0.000000
  -91.290  -54.601  -54.579  -54.407  -49.756  -21.724  -21.635  -21.605  -14.688  -13.420
   -1.440   -0.735   -0.666    0.185    1.313    2.568    2.692    3.372    3.658    4.234
    5.388    6.216    6.889   10.848   13.495   14.178   14.837
            0.272727  0.157459  0.000000
  -91.290  -54.605  -54.580  -54.406  -49.754  -21.745  -21.631  -21.609  -14.588  -13.430
   -1.485   -0.742   -0.617    0.099    1.239    2.523    2.972    3.386    3.653    4.175
    5.383    6.211    7.115   11.089   12.886   14.325   15.075
            0.295455  0.170581  0.000000
  -91.289  -54.609  -54.581  -54.405  -49.751  -21.766  -21.628  -21.614  -14.487  -13.442
   -1.545   -0.790   -0.571    0.096    1.178    2.447    3.274    3.392    3.634    4.113
    5.407    6.212    7.363   11.293   12.336   14.451   15.307
            0.318182  0.183702  0.000000
  -91.289  -54.613  -54.582  -54.405  -49.749  -21.786  -21.625  -21.618  -14.385  -13.457
   -1.628   -0.845   -0.531    0.149    1.131    2.349    3.390    3.591    3.602    4.055
    5.453    6.220    7.636   11.266   12.044   14.515   15.506
            0.340909  0.196824  0.000000
  -91.289  -54.617  -54.583  -54.404  -49.747  -21.804  -21.622  -21.621  -14.284  -13.474
   -1.735   -0.878   -0.495    0.228    1.097    2.237    3.382    3.561    3.873    4.052
    5.514    6.231    7.932   10.842   12.179   14.391   15.447
            0.363636  0.209946  0.000000
  -91.288  -54.620  -54.584  -54.404  -49.744  -21.821  -21.626  -21.619  -14.187  -13.494
   -1.857   -0.880   -0.467    0.312    1.076    2.123    3.367    3.514    3.891    4.333
    5.581    6.245    8.252   10.307   12.454   13.994   15.396
            0.386364  0.223067  0.000000
  -91.288  -54.623  -54.585  -54.403  -49.743  -21.836  -21.630  -21.616  -14.093  -13.518
   -1.980   -0.859   -0.444    0.387    1.066    2.017    3.346    3.465    3.843    4.700
    5.649    6.260    8.595    9.762   12.769   13.469   15.481
            0.409091  0.236189  0.000000
  -91.288  -54.625  -54.585  -54.403  -49.741  -21.848  -21.632  -21.614  -14.006  -13.546
   -2.092   -0.822   -0.428    0.444    1.063    1.931    3.320    3.418    3.798    5.084
    5.713    6.275    8.958    9.232   12.919   13.104   15.593
            0.431818  0.249310  0.000000
  -91.288  -54.627  -54.586  -54.403  -49.740  -21.858  -21.635  -21.612  -13.924  -13.579
   -2.187   -0.779   -0.417    0.478    1.066    1.870    3.290    3.378    3.762    5.467
    5.776    6.287    8.718    9.348   12.380   13.453   15.564
            0.454545  0.262432  0.000000
  -91.288  -54.629  -54.586  -54.402  -49.739  -21.866  -21.636  -21.611  -13.851  -13.616
   -2.258   -0.738   -0.410    0.493    1.071    1.833    3.262    3.346    3.737    5.742
    5.925    6.297    8.251    9.744   11.870   13.810   15.296
            0.477273  0.275554  0.000000
  -91.288  -54.629  -54.586  -54.402  -49.738  -21.870  -21.637  -21.610  -13.788  -13.657
   -2.302   -0.709   -0.406    0.496    1.075    1.815    3.241    3.325    3.722    5.798
    6.226    6.303    7.869   10.122   11.422   14.166   14.963
            0.500000  0.288675  0.000000
  -91.287  -54.630  -54.586  -54.402  -49.738  -21.872  -21.637  -21.610  -13.753  -13.685
   -2.317   -0.699   -0.404    0.495    1.077    1.811    3.234    3.318    3.718    5.810
    6.305    6.374    7.701   10.328   11.192   14.420   14.713
            0.486111  0.312731  0.000000
  -91.287  -54.630  -54.587  -54.402  -49.738  -21.871  -21.639  -21.610  -13.752  -13.684
   -2.307   -0.732   -0.367    0.493    1.049    1.805    3.241    3.325    3.723    5.809
    6.288    6.389    7.712   10.342   11.205   14.400   14.734
            0.472222  0.336788  0.000000
  -91.287  -54.629  -54.587  -54.402  -49.738  -21.869  -21.643  -21.610  -13.749  -13.679
   -2.279   -0.805   -0.283    0.482    0.974    1.787    3.261    3.346    3.740    5.807
    6.245    6.425    7.746   10.382   11.241   14.331   14.794
            0.458333  0.360844  0.000000
  -91.287  -54.629  -54.589  -54.402  -49.738  -21.865  -21.650  -21.609  -13.744  -13.671
   -2.232   -0.887   -0.181    0.450    0.875    1.757    3.282    3.379    3.769    5.803
    6.183    6.481    7.800   10.449   11.301   14.196   14.890
            0.444444  0.384900  0.000000
  -91.287  -54.628  -54.590  -54.402  -49.737  -21.860  -21.660  -21.609  -13.737  -13.660
   -2.167   -0.968   -0.072    0.371    0.790    1.714    3.297    3.423    3.807    5.798
    6.107    6.558    7.874   10.544   11.385   13.973   15.016
            0.430556  0.408956  0.000000
  -91.287  -54.626  -54.593  -54.402  -49.737  -21.853  -21.672  -21.608  -13.728  -13.648
   -2.085   -1.044    0.041    0.228    0.747    1.658    3.302    3.476    3.851    5.790
    6.024    6.656    7.962   10.665   11.491   13.653   15.166
            0.416667  0.433013  0.000000
  -91.287  -54.625  -54.595  -54.402  -49.736  -21.845  -21.685  -21.607  -13.717  -13.636
   -1.988   -1.112    0.041    0.156    0.739    1.588    3.296    3.536    3.893    5.781
    5.942    6.775    8.060   10.813   11.620   13.255   15.331
            0.402778  0.457069  0.000000
  -91.287  -54.623  -54.598  -54.402  -49.736  -21.836  -21.700  -21.606  -13.705  -13.624
   -1.878   -1.172   -0.166    0.274    0.748    1.504    3.283    3.599    3.927    5.771
    5.867    6.916    8.159   10.989   11.769   12.815   15.486
            0.388889  0.481125  0.000000
  -91.287  -54.621  -54.601  -54.402  -49.735  -21.826  -21.716  -21.606  -13.692  -13.615
   -1.756   -1.222   -0.376    0.392    0.764    1.407    3.266    3.663    3.949    5.761
    5.805    7.079    8.243   11.192   11.936   12.374   15.207
            0.375000  0.505181  0.000000
  -91.287  -54.619  -54.604  -54.401  -49.735  -21.815  -21.732  -21.605  -13.677  -13.609
   -1.627   -1.262   -0.578    0.511    0.781    1.298    3.247    3.725    3.956    5.750
    5.760    7.264    8.293   11.422   11.974   12.117   14.584
            0.361111  0.529238  0.000000
  -91.287  -54.617  -54.607  -54.401  -49.734  -21.803  -21.748  -21.604  -13.661  -13.608
   -1.497   -1.292   -0.759    0.630    0.797    1.183    3.230    3.783    3.947    5.732
    5.739    7.472    8.279   11.655   11.681   12.295   13.977
            0.347222  0.553294  0.000000
  -91.287  -54.615  -54.610  -54.401  -49.734  -21.791  -21.764  -21.604  -13.644  -13.613
   -1.382   -1.313   -0.902    0.743    0.807    1.070    3.218    3.836    3.923    5.720
    5.730    7.703    8.171   11.455   11.964   12.414   13.467
            0.333333  0.577350  0.000000
  -91.287  -54.612  -54.612  -54.401  -49.734  -21.778  -21.778  -21.604  -13.627  -13.627
   -1.325   -1.325   -0.964    0.809    0.809    1.005    3.213    3.884    3.884    5.722
    5.722    7.957    7.957   11.390   12.276   12.276   13.257
            0.320000  0.554256  0.000000
  -91.287  -54.615  -54.610  -54.401  -49.734  -21.789  -21.765  -21.604  -13.648  -13.610
   -1.357   -1.329   -0.914    0.752    0.802    1.068    3.218    3.837    3.924    5.716
    5.732    7.662    8.223   11.443   11.864   12.600   13.378
            0.306667  0.531162  0.000000
  -91.287  -54.616  -54.608  -54.401  -49.734  -21.800  -21.752  -21.605  -13.679  -13.592
   -1.420   -1.328   -0.811    0.651    0.783    1.185    3.235    3.781    3.959    5.711
    5.747    7.305    8.511   11.375   11.583   12.950   13.617
            0.293333  0.508068  0.000000
  -91.287  -54.618  -54.605  -54.401  -49.735  -21.807  -21.738  -21.605  -13.720  -13.574
   -1.474   -1.324   -0.700    0.553    0.752    1.315    3.265    3.722    3.987    5.706
    5.760    6.911    8.821   10.881   11.781   13.323   13.900
            0.280000  0.484974  0.000000
  -91.287  -54.619  -54.603  -54.402  -49.736  -21.813  -21.725  -21.606  -13.770  -13.557
   -1.506   -1.320   -0.596    0.470    0.709    1.451    3.310    3.663    4.010    5.698
    5.769    6.503    9.153   10.401   12.007   13.720   14.206
            0.266667  0.461880  0.000000
  -91.287  -54.619  -54.600  -54.402  -49.737  -21.815  -21.712  -21.608  -13.831  -13.539
   -1.511   -1.317   -0.507    0.406    0.654    1.592    3.368    3.607    4.026    5.674
    5.770    6.108    9.508    9.943   12.228   14.137   14.518
            0.253333  0.438786  0.000000
  -91.287  -54.619  -54.598  -54.402  -49.738  -21.815  -21.699  -21.610  -13.901  -13.522
   -1.489   -1.318   -0.436    0.367    0.589    1.735    3.435    3.560    4.035    5.529
    5.760    5.837    9.504    9.889   12.400   14.531   14.763
            0.240000  0.415692  0.000000
  -91.288  -54.618  -54.595  -54.403  -49.739  -21.811  -21.687  -21.612  -13.980  -13.506
   -1.440   -1.325   -0.387    0.355    0.516    1.880    3.476    3.558    4.038    5.180
    5.739    5.784    9.093   10.290   12.469   14.595   15.048
            0.226667  0.392598  0.000000
  -91.288  -54.617  -54.593  -54.403  -49.741  -21.805  -21.675  -21.614  -14.067  -13.490
   -1.367   -1.336   -0.360    0.372    0.438    2.024    3.454    3.635    4.032    4.793
    5.706    5.784    8.708   10.715   12.405   14.692   15.156
            0.213333  0.369504  0.000000
  -91.288  -54.615  -54.591  -54.404  -49.743  -21.796  -21.663  -21.617  -14.161  -13.476
   -1.350   -1.273   -0.355    0.361    0.415    2.164    3.426    3.730    4.017    4.415
    5.665    5.798    8.348   11.163   12.231   14.906   15.119
            0.200000  0.346410  0.000000
  -91.288  -54.613  -54.588  -54.404  -49.746  -21.785  -21.652  -21.620  -14.259  -13.462
   -1.365   -1.166   -0.371    0.292    0.483    2.297    3.402    3.811    3.995    4.069
    5.617    5.822    8.015   11.636   11.994   14.991   15.159
            0.186667  0.323316  0.000000
  -91.289  -54.610  -54.586  -54.405  -49.748  -21.771  -21.642  -21.623  -14.361  -13.450
   -1.378   -1.053   -0.408    0.242    0.572    2.417    3.382    3.658    3.963    3.973
    5.569    5.854    7.707   11.728   12.132   14.823   15.321
            0.173333  0.300222  0.000000
  -91.289  -54.607  -54.585  -54.405  -49.750  -21.755  -21.632  -21.627  -14.465  -13.438
   -1.386   -0.949   -0.462    0.226    0.680    2.519    3.327    3.378    3.924    4.054
    5.528    5.894    7.424   11.454   12.652   14.641   15.271
            0.160000  0.277128  0.000000
  -91.290  -54.604  -54.583  -54.406  -49.753  -21.738  -21.630  -21.623  -14.568  -13.428
   -1.387   -0.869   -0.532    0.260    0.802    2.596    3.027    3.355    3.876    4.138
    5.500    5.942    7.167   11.181   13.195   14.457   15.079
            0.146667  0.254034  0.000000
  -91.290  -54.600  -54.581  -54.406  -49.756  -21.719  -21.634  -21.615  -14.670  -13.419
   -1.381   -0.824   -0.614    0.353    0.936    2.642    2.737    3.341    3.822    4.213
    5.493    5.997    6.934   10.915   13.759   14.278   14.837
            0.133333  0.230940  0.000000
  -91.290  -54.597  -54.580  -54.407  -49.758  -21.700  -21.638  -21.607  -14.769  -13.411
   -1.365   -0.816   -0.701    0.501    1.080    2.469    2.654    3.325    3.760    4.274
    5.511    6.057    6.725   10.661   14.076   14.373   14.581
            0.120000  0.207846  0.000000
  -91.291  -54.593  -54.578  -54.408  -49.761  -21.681  -21.641  -21.601  -14.862  -13.405
   -1.341   -0.845   -0.778    0.692    1.230    2.224    2.632    3.307    3.691    4.323
    5.556    6.120    6.542   10.420   13.912   14.325   14.978
            0.106667  0.184752  0.000000
  -91.291  -54.589  -54.577  -54.408  -49.763  -21.661  -21.644  -21.595  -14.950  -13.399
   -1.308   -0.913   -0.829    0.910    1.386    2.004    2.580    3.285    3.614    4.358
    5.620    6.183    6.386   10.195   13.744   14.078   15.615
            0.093333  0.161658  0.000000
  -91.291  -54.586  -54.576  -54.409  -49.766  -21.648  -21.643  -21.589  -15.031  -13.395
   -1.269   -0.995   -0.869    1.144    1.543    1.809    2.506    3.257    3.529    4.382
    5.690    6.243    6.266    9.988   13.583   13.847   16.272
            0.080000  0.138564  0.000000
  -91.292  -54.582  -54.575  -54.409  -49.768  -21.650  -21.626  -21.585  -15.103  -13.391
   -1.225   -1.073   -0.907    1.376    1.648    1.701    2.421    3.222    3.435    4.395
    5.739    6.200    6.299    9.800   13.430   13.635   16.531
            0.066667  0.115470  0.000000
  -91.292  -54.580  -54.574  -54.410  -49.770  -21.653  -21.610  -21.581  -15.165  -13.388
   -1.179   -1.143   -0.942    1.455    1.667    1.855    2.334    3.178    3.333    4.399
    5.743    6.204    6.347    9.634   13.290   13.449   16.338
            0.053333  0.092376  0.000000
  -91.292  -54.577  -54.574  -54.410  -49.771  -21.655  -21.597  -21.578  -15.217  -13.386
   -1.203   -1.134   -0.973    1.351    1.886    1.992    2.264    3.122    3.223    4.397
    5.708    6.261    6.387    9.493   13.165   13.291   16.176
            0.040000  0.069282  0.000000
  -91.292  -54.575  -54.573  -54.410  -49.773  -21.657  -21.586  -21.575  -15.259  -13.384
   -1.250   -1.093   -0.999    1.260    2.064    2.105    2.268    3.052    3.107    4.391
    5.663    6.334    6.418    9.379   13.060   13.165   16.047
            0.026667  0.046188  0.000000
  -91.293  -54.574  -54.573  -54.411  -49.774  -21.658  -21.579  -21.574  -15.289  -13.383
   -1.285   -1.061   -1.017    1.194    2.045    2.305    2.372    2.967    2.988    4.384
    5.624    6.399    6.440    9.295   12.980   13.073   15.954
            0.013333  0.023094  0.000000
  -91.293  -54.573  -54.573  -54.411  -49.774  -21.659  -21.574  -21.573  -15.307  -13.383
   -1.306   -1.040   -1.029    1.154    2.016    2.470    2.489    2.874    2.877    4.378
    5.599    6.442    6.453    9.244   12.930   13.017   15.898
            0.000000  0.000000  0.000000
  -91.293  -54.572  -54.572  -54.411  -49.774  -21.659  -21.572  -21.572  -15.313  -13.382
   -1.313   -1.033   -1.033    1.140    2.005    2.552    2.552    2.818    2.818    4.376
    5.591    6.458    6.458    9.227   12.914   12.999   15.879
