 &plot nbnd=  27, nks=    60 /
            0.000000  0.000000  0.000000
  -92.091  -55.303  -55.294  -55.294  -49.765  -21.652  -21.562  -21.562  -15.426  -13.505
   -1.665   -1.289   -1.289    1.238    1.831    2.142    2.142    2.467    2.467    3.474
    5.651    6.115    6.115    9.211   12.828   12.914   15.821
            0.022727  0.013122  0.000000
  -92.091  -55.303  -55.294  -55.294  -49.765  -21.652  -21.564  -21.562  -15.420  -13.505
   -1.658   -1.295   -1.285    1.251    1.838    2.096    2.097    2.487    2.509    3.479
    5.658    6.102    6.111    9.228   12.845   12.932   15.839
            0.045455  0.026243  0.000000
  -92.091  -55.303  -55.295  -55.294  -49.765  -21.651  -21.568  -21.563  -15.403  -13.506
   -1.637   -1.314   -1.273    1.290    1.843    1.996    2.002    2.527    2.599    3.493
    5.677    6.064    6.100    9.279   12.894   12.986   15.892
            0.068182  0.039365  0.000000
  -92.091  -55.303  -55.297  -55.295  -49.764  -21.650  -21.576  -21.565  -15.374  -13.507
   -1.604   -1.343   -1.253    1.355    1.747    1.879    1.982    2.566    2.698    3.511
    5.696    6.016    6.082    9.361   12.972   13.074   15.980
            0.090909  0.052486  0.000000
  -92.091  -55.303  -55.298  -55.295  -49.762  -21.648  -21.586  -21.567  -15.334  -13.509
   -1.558   -1.379   -1.226    1.438    1.565    1.757    2.038    2.598    2.795    3.528
    5.689    5.990    6.059    9.472   13.075   13.196   16.102
            0.113636  0.065608  0.000000
  -92.090  -55.302  -55.301  -55.296  -49.761  -21.646  -21.599  -21.570  -15.284  -13.511
   -1.502   -1.419   -1.192    1.325    1.571    1.635    2.113    2.626    2.883    3.541
    5.622    6.023    6.032    9.611   13.198   13.348   16.257
            0.136364  0.078730  0.000000
  -92.090  -55.303  -55.302  -55.296  -49.759  -21.644  -21.614  -21.573  -15.223  -13.514
   -1.474   -1.421   -1.152    1.087    1.517    1.710    2.191    2.653    2.960    3.546
    5.513    6.004    6.108    9.773   13.336   13.527   16.442
            0.159091  0.091851  0.000000
  -92.090  -55.307  -55.301  -55.297  -49.757  -21.641  -21.632  -21.577  -15.154  -13.518
   -1.513   -1.347   -1.107    0.836    1.404    1.876    2.261    2.683    3.022    3.541
    5.388    5.975    6.226    9.957   13.485   13.729   16.358
            0.181818  0.104973  0.000000
  -92.090  -55.310  -55.301  -55.298  -49.755  -21.651  -21.638  -21.581  -15.076  -13.523
   -1.554   -1.263   -1.057    0.584    1.297    2.065    2.314    2.718    3.068    3.525
    5.264    5.950    6.370   10.159   13.640   13.946   15.672
            0.204545  0.118094  0.000000
  -92.089  -55.314  -55.300  -55.299  -49.752  -21.671  -21.635  -21.585  -14.991  -13.529
   -1.592   -1.175   -1.004    0.341    1.200    2.276    2.345    2.755    3.096    3.498
    5.154    5.928    6.536   10.377   13.800   14.160   15.012
            0.227273  0.131216  0.000000
  -92.089  -55.318  -55.300  -55.300  -49.750  -21.692  -21.631  -21.590  -14.900  -13.536
   -1.628   -1.090   -0.950    0.118    1.114    2.345    2.514    2.787    3.105    3.461
    5.070    5.912    6.724   10.609   13.960   14.165   14.588
            0.250000  0.144338  0.000000
  -92.089  -55.321  -55.301  -55.299  -49.747  -21.713  -21.628  -21.594  -14.804  -13.545
   -1.665   -1.021   -0.896   -0.066    1.040    2.326    2.758    2.812    3.097    3.421
    5.018    5.903    6.934   10.851   13.608   14.123   14.742
            0.272727  0.157459  0.000000
  -92.088  -55.325  -55.302  -55.299  -49.745  -21.734  -21.624  -21.599  -14.705  -13.555
   -1.707   -0.985   -0.845   -0.187    0.980    2.281    2.799    3.023    3.071    3.397
    5.001    5.900    7.166   11.096   13.000   14.276   14.973
            0.295455  0.170581  0.000000
  -92.088  -55.329  -55.302  -55.298  -49.742  -21.754  -21.621  -21.604  -14.604  -13.568
   -1.762   -0.989   -0.797   -0.226    0.935    2.212    2.779    3.029    3.185    3.484
    5.016    5.903    7.421   11.313   12.439   14.411   15.200
            0.318182  0.183702  0.000000
  -92.088  -55.333  -55.303  -55.298  -49.740  -21.774  -21.618  -21.608  -14.503  -13.582
   -1.839   -1.015   -0.755   -0.196    0.905    2.121    2.744    2.975    3.192    3.750
    5.055    5.911    7.698   11.337   12.096   14.493   15.398
            0.340909  0.196824  0.000000
  -92.087  -55.336  -55.304  -55.297  -49.738  -21.793  -21.614  -21.612  -14.403  -13.600
   -1.938   -1.032   -0.719   -0.128    0.892    2.015    2.698    2.911    3.160    4.078
    5.112    5.922    7.998   10.948   12.195   14.410   15.414
            0.363636  0.209946  0.000000
  -92.087  -55.339  -55.305  -55.297  -49.736  -21.809  -21.616  -21.612  -14.306  -13.620
   -2.051   -1.026   -0.691   -0.047    0.892    1.905    2.644    2.841    3.124    4.431
    5.178    5.936    8.321   10.418   12.464   14.046   15.353
            0.386364  0.223067  0.000000
  -92.087  -55.342  -55.306  -55.296  -49.734  -21.824  -21.619  -21.609  -14.213  -13.644
   -2.167   -0.996   -0.670    0.027    0.905    1.804    2.583    2.769    3.091    4.797
    5.250    5.950    8.668    9.873   12.778   13.532   15.431
            0.409091  0.236189  0.000000
  -92.087  -55.345  -55.306  -55.296  -49.732  -21.836  -21.622  -21.607  -14.126  -13.671
   -2.274   -0.951   -0.655    0.084    0.926    1.723    2.517    2.700    3.065    5.139
    5.357    5.964    9.035    9.342   12.986   13.113   15.543
            0.431818  0.249310  0.000000
  -92.086  -55.346  -55.307  -55.296  -49.731  -21.846  -21.624  -21.605  -14.045  -13.704
   -2.364   -0.899   -0.646    0.118    0.950    1.670    2.449    2.639    3.045    5.298
    5.644    5.975    8.827    9.427   12.447   13.462   15.534
            0.454545  0.262432  0.000000
  -92.086  -55.348  -55.307  -55.295  -49.730  -21.854  -21.626  -21.604  -13.973  -13.741
   -2.432   -0.850   -0.640    0.131    0.972    1.643    2.389    2.590    3.031    5.352
    5.984    6.016    8.356    9.826   11.934   13.820   15.283
            0.477273  0.275554  0.000000
  -92.086  -55.349  -55.307  -55.295  -49.730  -21.858  -21.627  -21.603  -13.910  -13.783
   -2.475   -0.814   -0.637    0.131    0.988    1.636    2.346    2.559    3.023    5.380
    5.990    6.350    7.969   10.210   11.482   14.179   14.953
            0.500000  0.288675  0.000000
  -92.086  -55.349  -55.307  -55.295  -49.729  -21.860  -21.627  -21.603  -13.873  -13.812
   -2.489   -0.801   -0.636    0.130    0.994    1.635    2.330    2.548    3.020    5.389
    5.992    6.505    7.796   10.425   11.245   14.449   14.690
            0.486111  0.312731  0.000000
  -92.086  -55.349  -55.308  -55.295  -49.729  -21.859  -21.628  -21.603  -13.873  -13.810
   -2.479   -0.853   -0.581    0.130    0.961    1.627    2.331    2.559    3.033    5.389
    5.977    6.516    7.807   10.438   11.257   14.429   14.711
            0.472222  0.336788  0.000000
  -92.086  -55.349  -55.308  -55.295  -49.729  -21.857  -21.633  -21.603  -13.870  -13.805
   -2.450   -0.942   -0.481    0.128    0.872    1.604    2.333    2.588    3.068    5.390
    5.935    6.550    7.842   10.479   11.293   14.364   14.772
            0.458333  0.360844  0.000000
  -92.086  -55.348  -55.309  -55.295  -49.729  -21.853  -21.640  -21.602  -13.865  -13.797
   -2.403   -1.034   -0.372    0.119    0.744    1.566    2.330    2.634    3.118    5.391
    5.871    6.606    7.897   10.546   11.354   14.236   14.869
            0.444444  0.384900  0.000000
  -92.086  -55.347  -55.311  -55.295  -49.728  -21.848  -21.649  -21.602  -13.858  -13.786
   -2.337   -1.121   -0.260    0.088    0.608    1.517    2.321    2.693    3.175    5.393
    5.791    6.683    7.972   10.640   11.438   14.022   14.997
            0.430556  0.408956  0.000000
  -92.086  -55.346  -55.313  -55.295  -49.728  -21.841  -21.661  -21.601  -13.850  -13.775
   -2.255   -1.200   -0.148    0.009    0.501    1.457    2.303    2.760    3.229    5.393
    5.703    6.782    8.063   10.762   11.546   13.709   15.148
            0.416667  0.433013  0.000000
  -92.086  -55.344  -55.316  -55.295  -49.727  -21.833  -21.675  -21.600  -13.839  -13.762
   -2.157   -1.272   -0.133   -0.035    0.449    1.387    2.280    2.832    3.275    5.393
    5.616    6.902    8.164   10.911   11.675   13.314   15.316
            0.402778  0.457069  0.000000
  -92.086  -55.343  -55.319  -55.295  -49.727  -21.824  -21.689  -21.600  -13.828  -13.750
   -2.045   -1.335   -0.316    0.076    0.439    1.308    2.251    2.905    3.307    5.392
    5.536    7.044    8.266   11.086   11.826   12.874   15.479
            0.388889  0.481125  0.000000
  -92.086  -55.341  -55.321  -55.294  -49.726  -21.814  -21.705  -21.599  -13.815  -13.741
   -1.922   -1.387   -0.514    0.185    0.450    1.220    2.221    2.978    3.323    5.389
    5.469    7.208    8.356   11.289   11.995   12.430   15.265
            0.375000  0.505181  0.000000
  -92.086  -55.339  -55.324  -55.294  -49.726  -21.803  -21.721  -21.598  -13.800  -13.734
   -1.793   -1.430   -0.707    0.291    0.468    1.126    2.190    3.047    3.323    5.386
    5.420    7.393    8.412   11.520   12.025   12.179   14.646
            0.361111  0.529238  0.000000
  -92.086  -55.337  -55.327  -55.294  -49.725  -21.791  -21.737  -21.598  -13.785  -13.733
   -1.665   -1.463   -0.880    0.389    0.486    1.033    2.164    3.112    3.306    5.382
    5.388    7.602    8.404   11.700   11.777   12.364   14.034
            0.347222  0.553294  0.000000
  -92.086  -55.335  -55.330  -55.294  -49.725  -21.779  -21.752  -21.597  -13.768  -13.738
   -1.556   -1.487   -1.013    0.468    0.499    0.954    2.145    3.172    3.273    5.373
    5.377    7.834    8.301   11.495   12.061   12.497   13.510
            0.333333  0.577350  0.000000
  -92.086  -55.332  -55.332  -55.294  -49.725  -21.766  -21.766  -21.597  -13.751  -13.751
   -1.502   -1.502   -1.067    0.503    0.503    0.919    2.138    3.227    3.227    5.372
    5.372    8.088    8.088   11.428   12.373   12.373   13.287
            0.320000  0.554256  0.000000
  -92.086  -55.334  -55.330  -55.294  -49.725  -21.778  -21.753  -21.597  -13.772  -13.734
   -1.525   -1.510   -1.023    0.475    0.495    0.953    2.146    3.172    3.275    5.368
    5.380    7.791    8.354   11.482   11.956   12.697   13.413
            0.306667  0.531162  0.000000
  -92.086  -55.336  -55.328  -55.294  -49.725  -21.788  -21.740  -21.598  -13.803  -13.717
   -1.580   -1.513   -0.927    0.407    0.473    1.035    2.171    3.109    3.318    5.364
    5.392    7.431    8.642   11.462   11.625   13.046   13.657
            0.293333  0.508068  0.000000
  -92.086  -55.338  -55.325  -55.294  -49.726  -21.795  -21.727  -21.598  -13.843  -13.700
   -1.630   -1.513   -0.821    0.328    0.436    1.143    2.214    3.043    3.357    5.361
    5.404    7.033    8.953   10.965   11.825   13.419   13.943
            0.280000  0.484974  0.000000
  -92.086  -55.339  -55.323  -55.295  -49.727  -21.801  -21.714  -21.599  -13.893  -13.682
   -1.660   -1.512   -0.721    0.255    0.385    1.264    2.276    2.976    3.391    5.359
    5.412    6.617    9.285   10.483   12.053   13.816   14.250
            0.266667  0.461880  0.000000
  -92.086  -55.339  -55.320  -55.295  -49.728  -21.803  -21.701  -21.601  -13.953  -13.665
   -1.665   -1.514   -0.637    0.198    0.322    1.394    2.356    2.911    3.418    5.354
    5.412    6.200    9.640   10.023   12.274   14.231   14.561
            0.253333  0.438786  0.000000
  -92.086  -55.339  -55.318  -55.295  -49.729  -21.803  -21.688  -21.603  -14.023  -13.648
   -1.644   -1.519   -0.574    0.161    0.249    1.530    2.452    2.852    3.440    5.335
    5.402    5.803    9.583   10.021   12.444   14.590   14.791
            0.240000  0.415692  0.000000
  -92.086  -55.338  -55.316  -55.295  -49.731  -21.799  -21.676  -21.605  -14.101  -13.632
   -1.597   -1.528   -0.536    0.149    0.172    1.670    2.558    2.801    3.453    5.214
    5.381    5.520    9.170   10.422   12.506   14.603   15.075
            0.226667  0.392598  0.000000
  -92.087  -55.337  -55.314  -55.296  -49.732  -21.793  -21.664  -21.607  -14.187  -13.617
   -1.542   -1.528   -0.524    0.096    0.162    1.812    2.667    2.766    3.459    4.889
    5.350    5.460    8.782   10.848   12.433   14.705   15.162
            0.213333  0.369504  0.000000
  -92.087  -55.335  -55.311  -55.296  -49.734  -21.784  -21.652  -21.610  -14.280  -13.602
   -1.559   -1.439   -0.540    0.026    0.200    1.952    2.706    2.812    3.456    4.519
    5.310    5.465    8.419   11.296   12.251   14.920   15.104
            0.200000  0.346410  0.000000
  -92.087  -55.333  -55.309  -55.297  -49.737  -21.773  -21.641  -21.613  -14.378  -13.588
   -1.576   -1.338   -0.581   -0.028    0.261    2.088    2.687    2.922    3.443    4.158
    5.266    5.488    8.082   11.769   12.008   14.962   15.160
            0.186667  0.323316  0.000000
  -92.087  -55.330  -55.308  -55.297  -49.739  -21.759  -21.631  -21.616  -14.479  -13.575
   -1.592   -1.235   -0.645   -0.057    0.341    2.213    2.671    3.028    3.421    3.817
    5.221    5.521    7.770   11.738   12.265   14.785   15.279
            0.173333  0.300222  0.000000
  -92.088  -55.327  -55.306  -55.298  -49.742  -21.744  -21.622  -21.620  -14.582  -13.564
   -1.602   -1.145   -0.726   -0.049    0.439    2.321    2.660    3.103    3.389    3.517
    5.184    5.563    7.482   11.461   12.784   14.597   15.190
            0.160000  0.277128  0.000000
  -92.088  -55.324  -55.304  -55.298  -49.744  -21.726  -21.623  -21.613  -14.685  -13.553
   -1.606   -1.083   -0.817    0.008    0.551    2.406    2.652    3.042    3.350    3.361
    5.161    5.613    7.219   11.185   13.328   14.407   14.985
            0.146667  0.254034  0.000000
  -92.089  -55.321  -55.302  -55.299  -49.747  -21.708  -21.627  -21.605  -14.786  -13.544
   -1.603   -1.062   -0.907    0.119    0.674    2.459    2.646    2.810    3.305    3.385
    5.160    5.669    6.979   10.917   13.887   14.226   14.740
            0.133333  0.230940  0.000000
  -92.089  -55.317  -55.301  -55.300  -49.749  -21.689  -21.630  -21.597  -14.884  -13.536
   -1.590   -1.092   -0.978    0.277    0.806    2.477    2.547    2.652    3.255    3.437
    5.186    5.729    6.762   10.661   14.021   14.484   14.500
            0.120000  0.207846  0.000000
  -92.089  -55.314  -55.300  -55.299  -49.752  -21.670  -21.634  -21.590  -14.978  -13.529
   -1.569   -1.168   -1.026    0.471    0.945    2.311    2.457    2.645    3.200    3.483
    5.241    5.792    6.567   10.418   13.847   14.230   15.110
            0.106667  0.184752  0.000000
  -92.090  -55.310  -55.301  -55.298  -49.754  -21.650  -21.637  -21.584  -15.065  -13.523
   -1.541   -1.256   -1.068    0.688    1.089    2.092    2.405    2.641    3.139    3.516
    5.322    5.853    6.395   10.191   13.675   13.985   15.747
            0.093333  0.161658  0.000000
  -92.090  -55.307  -55.301  -55.297  -49.757  -21.640  -21.632  -21.579  -15.145  -13.518
   -1.505   -1.343   -1.111    0.918    1.235    1.896    2.331    2.634    3.069    3.536
    5.422    5.912    6.246    9.981   13.510   13.755   16.400
            0.080000  0.138564  0.000000
  -92.090  -55.304  -55.302  -55.297  -49.759  -21.643  -21.615  -21.574  -15.217  -13.515
   -1.465   -1.424   -1.153    1.150    1.382    1.726    2.243    2.625    2.991    3.544
    5.529    5.965    6.123    9.792   13.354   13.546   16.462
            0.066667  0.115470  0.000000
  -92.090  -55.302  -55.301  -55.296  -49.761  -21.646  -21.600  -21.571  -15.279  -13.511
   -1.494   -1.423   -1.191    1.374    1.527    1.584    2.152    2.612    2.903    3.541
    5.627    6.011    6.034    9.624   13.211   13.361   16.272
            0.053333  0.092376  0.000000
  -92.091  -55.303  -55.298  -55.295  -49.762  -21.648  -21.587  -21.567  -15.331  -13.509
   -1.554   -1.382   -1.225    1.446    1.609    1.666    2.068    2.592    2.807    3.529
    5.690    5.995    6.049    9.481   13.083   13.204   16.112
            0.040000  0.069282  0.000000
  -92.091  -55.303  -55.297  -55.295  -49.764  -21.650  -21.576  -21.565  -15.372  -13.507
   -1.602   -1.344   -1.252    1.359    1.788    1.801    2.009    2.564    2.705    3.512
    5.698    6.016    6.079    9.366   12.977   13.079   15.985
            0.026667  0.046188  0.000000
  -92.091  -55.303  -55.295  -55.294  -49.765  -21.651  -21.568  -21.563  -15.402  -13.506
   -1.637   -1.315   -1.272    1.292    1.846    1.968    2.021    2.528    2.602    3.493
    5.678    6.063    6.099    9.281   12.896   12.988   15.894
            0.013333  0.023094  0.000000
  -92.091  -55.303  -55.294  -55.294  -49.765  -21.652  -21.564  -21.562  -15.420  -13.505
   -1.658   -1.296   -1.285    1.252    1.838    2.092    2.098    2.488    2.510    3.479
    5.659    6.101    6.111    9.229   12.845   12.933   15.840
            0.000000  0.000000  0.000000
  -92.091  -55.303  -55.294  -55.294  -49.765  -21.652  -21.562  -21.562  -15.426  -13.505
   -1.665   -1.289   -1.289    1.238    1.831    2.142    2.142    2.467    2.467    3.474
    5.651    6.115    6.115    9.211   12.828   12.914   15.821
