 &plot nbnd=  27, nks=    60 /
            0.000000  0.000000  0.000000
  -84.826  -48.121  -48.121  -47.992  -42.006  -13.914  -13.822  -13.822   -9.750   -7.868
    3.535    4.903    4.903    7.546    8.083    8.083    9.106    9.106    9.969   12.474
   12.474   12.907   18.172   19.477   25.582   27.764   27.764
            0.022727  0.013122  0.000000
  -84.825  -48.122  -48.121  -47.992  -42.006  -13.914  -13.824  -13.822   -9.744   -7.868
    3.543    4.892    4.906    7.557    8.035    8.060    9.124    9.126    9.971   12.456
   12.470   12.928   18.195   19.492   25.588   27.678   27.778
            0.045455  0.026243  0.000000
  -84.825  -48.123  -48.122  -47.992  -42.006  -13.912  -13.829  -13.823   -9.726   -7.868
    3.567    4.861    4.916    7.587    7.906    7.997    9.168    9.181    9.976   12.404
   12.459   12.991   18.264   19.538   25.606   27.448   27.821
            0.068182  0.039365  0.000000
  -84.825  -48.124  -48.122  -47.992  -42.005  -13.910  -13.837  -13.825   -9.696   -7.868
    3.607    4.813    4.932    7.613    7.736    7.905    9.221    9.258    9.985   12.321
   12.442   13.093   18.373   19.613   25.636   27.112   27.730
            0.090909  0.052486  0.000000
  -84.825  -48.126  -48.122  -47.991  -42.004  -13.907  -13.848  -13.827   -9.654   -7.869
    3.663    4.751    4.955    7.451    7.723    7.796    9.272    9.346    9.996   12.213
   12.420   13.229   18.515   19.716   25.675   26.687   27.228
            0.113636  0.065608  0.000000
  -84.825  -48.128  -48.123  -47.991  -42.002  -13.903  -13.862  -13.830   -9.602   -7.870
    3.733    4.681    4.982    7.192    7.678    7.784    9.315    9.437   10.010   12.088
   12.394   13.392   18.682   19.845   25.717   26.186   26.778
            0.136364  0.078730  0.000000
  -84.825  -48.131  -48.124  -47.990  -42.000  -13.898  -13.878  -13.833   -9.540   -7.871
    3.817    4.606    5.015    6.910    7.556    7.845    9.349    9.524   10.024   11.957
   12.366   13.575   18.863   19.996   25.585   25.813   26.386
            0.159091  0.091851  0.000000
  -84.824  -48.135  -48.125  -47.990  -41.998  -13.898  -13.891  -13.837   -9.468   -7.873
    3.913    4.530    5.052    6.619    7.435    7.897    9.375    9.604   10.039   11.829
   12.339   13.774   19.050   20.165   25.039   25.805   26.072
            0.181818  0.104973  0.000000
  -84.824  -48.138  -48.125  -47.989  -41.996  -13.917  -13.886  -13.841   -9.387   -7.876
    4.018    4.456    5.092    6.325    7.317    7.929    9.393    9.671   10.052   11.714
   12.314   13.985   19.233   20.348   24.480   25.618   25.990
            0.204545  0.118094  0.000000
  -84.824  -48.142  -48.126  -47.989  -41.994  -13.939  -13.880  -13.846   -9.300   -7.879
    4.127    4.389    5.135    6.038    7.205    7.937    9.404    9.726   10.062   11.618
   12.294   14.204   19.403   20.539   23.936   25.345   26.023
            0.227273  0.131216  0.000000
  -84.823  -48.146  -48.127  -47.988  -41.991  -13.961  -13.873  -13.850   -9.206   -7.884
    4.216    4.348    5.179    5.768    7.100    7.915    9.410    9.766   10.067   11.549
   12.279   14.429   19.551   20.731   23.417   25.094   26.048
            0.250000  0.144338  0.000000
  -84.823  -48.151  -48.128  -47.987  -41.989  -13.983  -13.866  -13.855   -9.107   -7.889
    4.201    4.408    5.223    5.526    7.003    7.862    9.410    9.791   10.068   11.510
   12.270   14.659   19.669   20.915   22.932   24.881   26.034
            0.272727  0.157459  0.000000
  -84.822  -48.155  -48.129  -47.987  -41.986  -14.005  -13.860  -13.859   -9.006   -7.896
    4.131    4.504    5.265    5.332    6.917    7.781    9.404    9.801   10.062   11.499
   12.269   14.895   19.745   21.084   22.488   24.710   25.963
            0.295455  0.170581  0.000000
  -84.822  -48.159  -48.130  -47.986  -41.983  -14.026  -13.864  -13.853   -8.903   -7.905
    4.038    4.576    5.215    5.305    6.842    7.674    9.393    9.799   10.051   11.514
   12.273   15.134   19.769   21.227   22.102   24.583   25.845
            0.318182  0.183702  0.000000
  -84.822  -48.163  -48.131  -47.985  -41.981  -14.047  -13.868  -13.846   -8.799   -7.916
    3.923    4.601    5.199    5.340    6.779    7.548    9.377    9.786   10.035   11.550
   12.282   15.377   19.729   21.327   21.794   24.497   25.711
            0.340909  0.196824  0.000000
  -84.821  -48.166  -48.132  -47.985  -41.979  -14.066  -13.872  -13.840   -8.698   -7.929
    3.789    4.595    5.262    5.371    6.728    7.410    9.356    9.766   10.015   11.600
   12.296   15.623   19.616   21.345   21.611   24.451   25.585
            0.363636  0.209946  0.000000
  -84.821  -48.170  -48.133  -47.984  -41.977  -14.084  -13.876  -13.835   -8.600   -7.945
    3.645    4.588    5.362    5.395    6.689    7.267    9.331    9.740    9.994   11.657
   12.311   15.873   19.431   21.269   21.569   24.439   25.480
            0.386364  0.223067  0.000000
  -84.821  -48.173  -48.134  -47.984  -41.975  -14.099  -13.879  -13.830   -8.506   -7.965
    3.506    4.591    5.415    5.473    6.660    7.128    9.304    9.712    9.972   11.716
   12.326   16.124   19.193   21.196   21.557   24.452   25.400
            0.409091  0.236189  0.000000
  -84.821  -48.175  -48.134  -47.983  -41.973  -14.112  -13.882  -13.826   -8.418   -7.989
    3.381    4.605    5.428    5.579    6.641    6.999    9.276    9.685    9.953   11.771
   12.341   16.377   18.925   21.162   21.528   24.481   25.344
            0.431818  0.249310  0.000000
  -84.820  -48.177  -48.135  -47.983  -41.972  -14.122  -13.884  -13.823   -8.338   -8.018
    3.277    4.624    5.438    5.671    6.629    6.888    9.249    9.661    9.936   11.818
   12.354   16.624   18.649   21.161   21.481   24.516   25.307
            0.454545  0.262432  0.000000
  -84.820  -48.179  -48.135  -47.983  -41.971  -14.130  -13.886  -13.820   -8.265   -8.053
    3.200    4.642    5.444    5.742    6.622    6.801    9.227    9.642    9.924   11.855
   12.364   16.858   18.389   21.183   21.422   24.549   25.286
            0.477273  0.275554  0.000000
  -84.820  -48.180  -48.135  -47.983  -41.971  -14.135  -13.887  -13.819   -8.202   -8.093
    3.152    4.656    5.447    5.786    6.618    6.747    9.212    9.630    9.916   11.877
   12.370   17.049   18.178   21.223   21.361   24.572   25.275
            0.500000  0.288675  0.000000
  -84.820  -48.180  -48.135  -47.983  -41.971  -14.136  -13.887  -13.819   -8.156   -8.131
    3.136    4.661    5.448    5.802    6.617    6.728    9.207    9.626    9.913   11.885
   12.372   17.132   18.089   21.254   21.322   24.580   25.271
            0.486111  0.312731  0.000000
  -84.820  -48.180  -48.136  -47.983  -41.971  -14.135  -13.889  -13.818   -8.155   -8.129
    3.146    4.652    5.457    5.799    6.590    6.728    9.216    9.629    9.916   11.884
   12.355   17.148   18.100   21.269   21.344   24.579   25.254
            0.472222  0.336788  0.000000
  -84.820  -48.180  -48.136  -47.983  -41.970  -14.133  -13.893  -13.818   -8.153   -8.123
    3.174    4.624    5.486    5.791    6.515    6.729    9.239    9.639    9.925   11.880
   12.307   17.197   18.130   21.314   21.412   24.577   25.191
            0.458333  0.360844  0.000000
  -84.820  -48.179  -48.138  -47.983  -41.970  -14.129  -13.901  -13.817   -8.148   -8.114
    3.222    4.582    5.528    5.768    6.409    6.729    9.269    9.656    9.940   11.874
   12.233   17.273   18.178   21.383   21.521   24.574   25.041
            0.444444  0.384900  0.000000
  -84.820  -48.178  -48.140  -47.983  -41.970  -14.123  -13.911  -13.816   -8.142   -8.102
    3.287    4.533    5.582    5.714    6.300    6.724    9.297    9.680    9.961   11.865
   12.142   17.371   18.241   21.469   21.669   24.569   24.781
            0.430556  0.408956  0.000000
  -84.820  -48.177  -48.142  -47.983  -41.969  -14.116  -13.923  -13.815   -8.134   -8.088
    3.369    4.480    5.611    5.644    6.217    6.713    9.316    9.710    9.987   11.853
   12.044   17.484   18.316   21.557   21.849   24.475   24.565
            0.416667  0.433013  0.000000
  -84.820  -48.175  -48.145  -47.982  -41.969  -14.108  -13.938  -13.814   -8.125   -8.074
    3.467    4.427    5.454    5.712    6.175    6.692    9.324    9.747   10.014   11.839
   11.948   17.608   18.396   21.630   22.052   24.191   24.563
            0.402778  0.457069  0.000000
  -84.820  -48.173  -48.147  -47.982  -41.968  -14.098  -13.953  -13.812   -8.114   -8.059
    3.580    4.377    5.263    5.785    6.161    6.658    9.321    9.788   10.038   11.821
   11.862   17.738   18.474   21.664   22.269   23.971   24.566
            0.388889  0.481125  0.000000
  -84.820  -48.172  -48.150  -47.982  -41.967  -14.087  -13.970  -13.811   -8.102   -8.047
    3.706    4.333    5.058    5.863    6.163    6.612    9.311    9.833   10.055   11.792
   11.802   17.871   18.539   21.644   22.485   23.840   24.579
            0.375000  0.505181  0.000000
  -84.820  -48.169  -48.153  -47.982  -41.967  -14.075  -13.987  -13.810   -8.089   -8.038
    3.842    4.294    4.853    5.944    6.169    6.554    9.297    9.879   10.062   11.742
   11.781   18.006   18.581   21.575   22.684   23.796   24.611
            0.361111  0.529238  0.000000
  -84.820  -48.167  -48.157  -47.982  -41.966  -14.062  -14.004  -13.809   -8.076   -8.034
    3.985    4.263    4.661    6.026    6.173    6.490    9.282    9.925   10.056   11.714
   11.760   18.142   18.583   21.487   22.843   23.811   24.673
            0.347222  0.553294  0.000000
  -84.820  -48.165  -48.160  -47.982  -41.966  -14.049  -14.020  -13.808   -8.061   -8.036
    4.127    4.239    4.493    6.104    6.169    6.428    9.271    9.968   10.037   11.707
   11.739   18.280   18.532   21.416   22.944   23.844   24.778
            0.333333  0.577350  0.000000
  -84.820  -48.162  -48.162  -47.982  -41.966  -14.035  -14.035  -13.807   -8.047   -8.047
    4.222    4.222    4.398    6.154    6.154    6.396    9.267   10.006   10.006   11.719
   11.719   18.420   18.420   21.390   22.977   23.860   24.927
            0.320000  0.554256  0.000000
  -84.820  -48.165  -48.160  -47.982  -41.966  -14.048  -14.021  -13.808   -8.065   -8.032
    4.163    4.212    4.483    6.126    6.144    6.432    9.272    9.968   10.038   11.701
   11.743   18.258   18.558   21.415   22.950   23.840   24.786
            0.306667  0.531162  0.000000
  -84.820  -48.166  -48.157  -47.982  -41.966  -14.058  -14.007  -13.809   -8.094   -8.018
    4.078    4.205    4.619    6.082    6.098    6.517    9.287    9.922   10.065   11.685
   11.775   18.051   18.700   21.484   22.879   23.775   24.696
            0.293333  0.508068  0.000000
  -84.820  -48.168  -48.155  -47.982  -41.967  -14.067  -13.994  -13.810   -8.133   -8.003
    4.015    4.202    4.756    6.020    6.047    6.622    9.315    9.873   10.085   11.671
   11.809   17.809   18.847   21.587   22.780   23.671   24.659
            0.280000  0.484974  0.000000
  -84.820  -48.169  -48.152  -47.982  -41.968  -14.072  -13.980  -13.812   -8.182   -7.989
    3.981    4.200    4.886    5.942    6.007    6.739    9.353    9.825   10.100   11.660
   11.842   17.546   18.999   21.709   22.668   23.544   24.671
            0.266667  0.461880  0.000000
  -84.820  -48.169  -48.150  -47.982  -41.969  -14.075  -13.966  -13.815   -8.241   -7.975
    3.977    4.199    5.005    5.847    5.984    6.863    9.400    9.780   10.108   11.651
   11.867   17.268   19.158   21.834   22.557   23.414   24.723
            0.253333  0.438786  0.000000
  -84.820  -48.169  -48.147  -47.983  -41.970  -14.075  -13.953  -13.818   -8.311   -7.962
    4.004    4.197    5.110    5.738    5.981    6.992    9.451    9.747   10.110   11.646
   11.883   16.983   19.320   21.943   22.455   23.301   24.814
            0.240000  0.415692  0.000000
  -84.820  -48.168  -48.145  -47.983  -41.972  -14.072  -13.940  -13.822   -8.390   -7.950
    4.060    4.196    5.198    5.617    6.002    7.125    9.494    9.734   10.106   11.645
   11.886   16.695   19.482   22.012   22.375   23.228   24.941
            0.226667  0.392598  0.000000
  -84.821  -48.167  -48.142  -47.984  -41.974  -14.066  -13.927  -13.827   -8.477   -7.938
    4.143    4.195    5.269    5.490    6.044    7.258    9.517    9.753   10.096   11.651
   11.877   16.408   19.636   22.015   22.325   23.219   25.104
            0.213333  0.369504  0.000000
  -84.821  -48.165  -48.140  -47.984  -41.976  -14.057  -13.915  -13.832   -8.571   -7.927
    4.196    4.247    5.305    5.378    6.109    7.391    9.519    9.800   10.079   11.664
   11.856   16.122   19.771   21.944   22.321   23.283   25.301
            0.200000  0.346410  0.000000
  -84.821  -48.163  -48.138  -47.985  -41.978  -14.045  -13.904  -13.838   -8.671   -7.917
    4.201    4.362    5.215    5.386    6.194    7.520    9.512    9.859   10.055   11.688
   11.827   15.842   19.871   21.814   22.378   23.409   25.528
            0.186667  0.323316  0.000000
  -84.822  -48.160  -48.136  -47.985  -41.980  -14.031  -13.893  -13.844   -8.774   -7.909
    4.212    4.467    5.112    5.424    6.297    7.640    9.502    9.917   10.024   11.722
   11.793   15.567   19.922   21.644   22.507   23.582   25.783
            0.173333  0.300222  0.000000
  -84.822  -48.157  -48.134  -47.986  -41.983  -14.015  -13.884  -13.851   -8.879   -7.901
    4.231    4.520    5.059    5.473    6.414    7.749    9.494    9.968    9.986   11.760
   11.769   15.297   19.919   21.449   22.716   23.789   26.048
            0.160000  0.277128  0.000000
  -84.822  -48.153  -48.132  -47.987  -41.985  -13.997  -13.875  -13.857   -8.985   -7.894
    4.258    4.486    5.069    5.556    6.544    7.841    9.486    9.941   10.007   11.736
   11.828   15.033   19.862   21.240   23.001   24.027   26.113
            0.146667  0.254034  0.000000
  -84.823  -48.150  -48.130  -47.987  -41.988  -13.978  -13.869  -13.861   -9.089   -7.888
    4.295    4.392    5.097    5.697    6.684    7.911    9.478    9.889   10.033   11.725
   11.897   14.776   19.759   21.024   23.354   24.293   26.122
            0.133333  0.230940  0.000000
  -84.823  -48.146  -48.129  -47.988  -41.991  -13.958  -13.873  -13.857   -9.190   -7.883
    4.275    4.342    5.105    5.894    6.831    7.956    9.468    9.829   10.047   11.735
   11.973   14.526   19.620   20.806   23.765   24.586   26.087
            0.120000  0.207846  0.000000
  -84.824  -48.142  -48.127  -47.989  -41.993  -13.937  -13.879  -13.850   -9.286   -7.879
    4.153    4.397    5.093    6.131    6.983    7.974    9.456    9.762   10.051   11.769
   12.052   14.283   19.455   20.591   24.223   24.906   26.030
            0.106667  0.184752  0.000000
  -84.824  -48.138  -48.126  -47.989  -41.996  -13.917  -13.886  -13.844   -9.376   -7.876
    4.035    4.461    5.070    6.391    7.137    7.965    9.438    9.687   10.047   11.828
   12.132   14.048   19.272   20.385   24.721   25.250   25.963
            0.093333  0.161658  0.000000
  -84.824  -48.135  -48.125  -47.990  -41.998  -13.898  -13.892  -13.839   -9.459   -7.874
    3.925    4.530    5.041    6.665    7.290    7.934    9.415    9.605   10.037   11.910
   12.209   13.823   19.079   20.191   25.246   25.614   25.902
            0.080000  0.138564  0.000000
  -84.825  -48.132  -48.124  -47.990  -42.000  -13.897  -13.879  -13.835   -9.533   -7.872
    3.826    4.604    5.011    6.941    7.438    7.886    9.383    9.518   10.025   12.009
   12.279   13.610   18.884   20.014   25.698   25.945   25.994
            0.066667  0.115470  0.000000
  -84.825  -48.129  -48.123  -47.991  -42.002  -13.902  -13.863  -13.831   -9.597   -7.870
    3.740    4.678    4.981    7.213    7.571    7.837    9.343    9.428   10.011   12.117
   12.341   13.415   18.697   19.857   25.723   26.381   26.441
            0.053333  0.092376  0.000000
  -84.825  -48.126  -48.122  -47.991  -42.003  -13.906  -13.849  -13.828   -9.651   -7.869
    3.667    4.748    4.955    7.472    7.647    7.829    9.293    9.337    9.997   12.226
   12.392   13.243   18.526   19.724   25.679   26.765   27.022
            0.040000  0.069282  0.000000
  -84.825  -48.124  -48.122  -47.992  -42.005  -13.910  -13.838  -13.825   -9.694   -7.868
    3.610    4.811    4.933    7.630    7.705    7.905    9.236    9.251    9.985   12.325
   12.431   13.100   18.380   19.617   25.638   27.128   27.577
            0.026667  0.046188  0.000000
  -84.825  -48.123  -48.122  -47.992  -42.006  -13.912  -13.829  -13.823   -9.725   -7.868
    3.568    4.860    4.917    7.589    7.900    7.994    9.176    9.177    9.976   12.404
   12.456   12.993   18.267   19.540   25.607   27.446   27.805
            0.013333  0.023094  0.000000
  -84.825  -48.122  -48.121  -47.992  -42.006  -13.914  -13.824  -13.822   -9.744   -7.868
    3.543    4.892    4.907    7.557    8.034    8.059    9.125    9.126    9.971   12.456
   12.470   12.928   18.196   19.493   25.588   27.676   27.778
            0.000000  0.000000  0.000000
  -84.826  -48.121  -48.121  -47.992  -42.006  -13.914  -13.822  -13.822   -9.750   -7.868
    3.535    4.903    4.903    7.546    8.083    8.083    9.106    9.106    9.969   12.474
   12.474   12.907   18.172   19.477   25.582   27.764   27.764
