 &plot nbnd=  27, nks=    60 /
            0.000000  0.000000  0.000000
  -87.548  -50.784  -50.784  -50.782  -46.046  -17.872  -17.872  -17.852  -11.933  -10.118
    1.474    2.561    2.561    4.891    5.902    5.902    6.349    6.496    6.496    7.957
   10.059   10.059   13.172   15.231   18.053   22.107   24.919
            0.022727  0.013122  0.000000
  -87.548  -50.784  -50.784  -50.782  -46.046  -17.874  -17.872  -17.852  -11.927  -10.118
    1.482    2.550    2.565    4.907    5.842    5.868    6.363    6.525    6.527    7.965
   10.039   10.055   13.184   15.254   18.076   22.104   24.685
            0.045455  0.026243  0.000000
  -87.548  -50.785  -50.784  -50.782  -46.045  -17.878  -17.873  -17.852  -11.910  -10.117
    1.506    2.515    2.576    4.954    5.690    5.784    6.397    6.587    6.604    7.986
    9.982   10.043   13.218   15.320   18.145   22.094   24.150
            0.068182  0.039365  0.000000
  -87.548  -50.787  -50.785  -50.782  -46.044  -17.886  -17.875  -17.850  -11.881  -10.116
    1.545    2.463    2.593    5.023    5.490    5.672    6.447    6.654    6.701    8.019
    9.893   10.025   13.272   15.428   18.257   22.072   23.511
            0.090909  0.052486  0.000000
  -87.548  -50.789  -50.785  -50.781  -46.043  -17.896  -17.877  -17.849  -11.841  -10.115
    1.599    2.398    2.617    5.085    5.284    5.549    6.515    6.712    6.803    8.060
    9.779   10.001   13.341   15.576   18.407   22.023   22.859
            0.113636  0.065608  0.000000
  -87.548  -50.791  -50.786  -50.781  -46.042  -17.908  -17.880  -17.847  -11.791  -10.114
    1.667    2.326    2.647    4.949    5.267    5.423    6.598    6.757    6.902    8.103
    9.651    9.973   13.423   15.758   18.590   21.840   22.328
            0.136364  0.078730  0.000000
  -87.547  -50.794  -50.787  -50.781  -46.040  -17.923  -17.883  -17.844  -11.731  -10.113
    1.748    2.251    2.682    4.689    5.297    5.363    6.695    6.792    6.993    8.146
    9.518    9.944   13.514   15.970   18.797   21.320   22.136
            0.159091  0.091851  0.000000
  -87.547  -50.797  -50.787  -50.780  -46.038  -17.940  -17.887  -17.842  -11.661  -10.112
    1.839    2.179    2.722    4.413    5.174    5.462    6.801    6.820    7.073    8.184
    9.393    9.914   13.612   16.207   19.010   20.697   22.061
            0.181818  0.104973  0.000000
  -87.547  -50.801  -50.788  -50.780  -46.036  -17.958  -17.891  -17.838  -11.584  -10.112
    1.937    2.113    2.766    4.135    5.057    5.549    6.835    6.921    7.140    8.217
    9.289    9.886   13.715   16.462   19.181   20.120   21.995
            0.204545  0.118094  0.000000
  -87.546  -50.805  -50.789  -50.779  -46.033  -17.978  -17.895  -17.835  -11.499  -10.113
    2.001    2.094    2.812    3.864    4.947    5.613    6.849    7.039    7.192    8.244
    9.220    9.862   13.824   16.729   19.073   19.833   21.911
            0.227273  0.131216  0.000000
  -87.546  -50.809  -50.790  -50.778  -46.031  -17.998  -17.899  -17.832  -11.408  -10.114
    1.963    2.183    2.859    3.609    4.846    5.647    6.860    7.151    7.227    8.271
    9.194    9.844   13.937   16.999   18.582   19.933   21.785
            0.250000  0.144338  0.000000
  -87.546  -50.813  -50.791  -50.778  -46.028  -18.018  -17.904  -17.828  -11.313  -10.117
    1.908    2.286    2.907    3.385    4.755    5.644    6.866    7.245    7.246    8.311
    9.217    9.832   14.056   17.252   18.026   20.093   21.563
            0.272727  0.157459  0.000000
  -87.545  -50.817  -50.792  -50.777  -46.026  -18.039  -17.908  -17.825  -11.214  -10.121
    1.848    2.372    2.953    3.212    4.676    5.604    6.868    7.249    7.314    8.376
    9.287    9.827   14.179   17.277   17.690   20.188   21.249
            0.295455  0.170581  0.000000
  -87.545  -50.821  -50.793  -50.777  -46.023  -18.059  -17.913  -17.821  -11.114  -10.128
    1.778    2.418    2.995    3.119    4.609    5.531    6.864    7.239    7.352    8.474
    9.398    9.828   14.305   16.795   17.863   20.130   20.967
            0.318182  0.183702  0.000000
  -87.545  -50.825  -50.794  -50.776  -46.021  -18.078  -17.917  -17.818  -11.013  -10.136
    1.691    2.416    3.033    3.121    4.554    5.431    6.853    7.218    7.365    8.599
    9.549    9.835   14.428   16.272   18.080   19.890   20.782
            0.340909  0.196824  0.000000
  -87.544  -50.829  -50.795  -50.775  -46.019  -18.096  -17.921  -17.815  -10.914  -10.148
    1.586    2.396    3.066    3.190    4.513    5.312    6.835    7.188    7.361    8.739
    9.735    9.845   14.526   15.798   18.255   19.570   20.643
            0.363636  0.209946  0.000000
  -87.544  -50.832  -50.796  -50.775  -46.017  -18.113  -17.925  -17.812  -10.818  -10.163
    1.467    2.385    3.092    3.287    4.484    5.186    6.809    7.152    7.348    8.879
    9.858    9.955   14.522   15.459   18.326   19.303   20.509
            0.386364  0.223067  0.000000
  -87.544  -50.835  -50.796  -50.775  -46.015  -18.127  -17.928  -17.810  -10.726  -10.182
    1.347    2.391    3.112    3.389    4.465    5.061    6.777    7.115    7.333    9.011
    9.872   10.207   14.296   15.381   18.200   19.207   20.375
            0.409091  0.236189  0.000000
  -87.543  -50.837  -50.797  -50.774  -46.014  -18.139  -17.931  -17.808  -10.640  -10.205
    1.236    2.412    3.127    3.482    4.455    4.947    6.742    7.079    7.317    9.124
    9.885   10.485   13.917   15.499   17.912   19.261   20.246
            0.431818  0.249310  0.000000
  -87.543  -50.839  -50.798  -50.774  -46.012  -18.149  -17.933  -17.806  -10.560  -10.234
    1.142    2.440    3.137    3.557    4.451    4.854    6.708    7.047    7.304    9.216
    9.896   10.782   13.506   15.701   17.566   19.369   20.123
            0.454545  0.262432  0.000000
  -87.543  -50.841  -50.798  -50.774  -46.012  -18.156  -17.935  -17.805  -10.489  -10.267
    1.072    2.467    3.143    3.610    4.450    4.785    6.678    7.023    7.295    9.283
    9.905   11.079   13.117   15.948   17.211   19.483   20.008
            0.477273  0.275554  0.000000
  -87.543  -50.842  -50.798  -50.773  -46.011  -18.160  -17.935  -17.804  -10.428  -10.306
    1.028    2.487    3.146    3.640    4.450    4.745    6.658    7.007    7.289    9.324
    9.911   11.339   12.802   16.226   16.866   19.587   19.908
            0.500000  0.288675  0.000000
  -87.543  -50.842  -50.798  -50.773  -46.011  -18.162  -17.936  -17.804  -10.394  -10.332
    1.014    2.494    3.147    3.649    4.451    4.732    6.651    7.001    7.287    9.338
    9.913   11.455   12.666   16.492   16.577   19.639   19.856
            0.486111  0.312731  0.000000
  -87.543  -50.842  -50.798  -50.773  -46.011  -18.161  -17.937  -17.804  -10.393  -10.330
    1.023    2.483    3.160    3.648    4.424    4.731    6.657    7.006    7.293    9.338
    9.894   11.471   12.677   16.505   16.593   19.595   19.875
            0.472222  0.336788  0.000000
  -87.543  -50.841  -50.799  -50.773  -46.011  -18.159  -17.941  -17.803  -10.390  -10.325
    1.052    2.451    3.196    3.641    4.347    4.727    6.672    7.018    7.309    9.339
    9.841   11.515   12.707   16.542   16.639   19.454   19.930
            0.458333  0.360844  0.000000
  -87.543  -50.841  -50.800  -50.773  -46.010  -18.155  -17.948  -17.803  -10.384  -10.317
    1.099    2.406    3.251    3.621    4.239    4.718    6.690    7.039    7.334    9.340
    9.761   11.584   12.758   16.603   16.713   19.204   20.016
            0.444444  0.384900  0.000000
  -87.543  -50.840  -50.802  -50.773  -46.010  -18.150  -17.957  -17.802  -10.377  -10.307
    1.164    2.354    3.318    3.574    4.126    4.703    6.703    7.068    7.368    9.340
    9.666   11.673   12.825   16.687   16.812   18.854   20.126
            0.430556  0.408956  0.000000
  -87.543  -50.838  -50.804  -50.773  -46.009  -18.143  -17.969  -17.802  -10.368  -10.295
    1.246    2.300    3.394    3.477    4.041    4.678    6.707    7.105    7.405    9.338
    9.566   11.779   12.905   16.792   16.933   18.436   20.242
            0.416667  0.433013  0.000000
  -87.543  -50.837  -50.807  -50.773  -46.009  -18.136  -17.982  -17.801  -10.357  -10.282
    1.344    2.247    3.326    3.476    3.998    4.640    6.702    7.148    7.440    9.335
    9.469   11.900   12.994   16.912   17.071   17.991   20.323
            0.402778  0.457069  0.000000
  -87.543  -50.835  -50.810  -50.773  -46.008  -18.127  -17.996  -17.800  -10.345  -10.270
    1.456    2.198    3.139    3.564    3.987    4.589    6.689    7.197    7.469    9.328
    9.385   12.035   13.083   17.027   17.224   17.570   20.276
            0.388889  0.481125  0.000000
  -87.543  -50.833  -50.813  -50.773  -46.008  -18.117  -18.011  -17.799  -10.331  -10.259
    1.580    2.155    2.940    3.657    3.991    4.523    6.672    7.248    7.489    9.318
    9.319   12.185   13.160   16.960   17.377   17.390   20.008
            0.375000  0.505181  0.000000
  -87.542  -50.831  -50.816  -50.773  -46.007  -18.107  -18.027  -17.799  -10.316  -10.253
    1.713    2.119    2.743    3.753    4.000    4.445    6.652    7.300    7.496    9.272
    9.307   12.349   13.206   16.646   17.503   17.567   19.586
            0.361111  0.529238  0.000000
  -87.542  -50.829  -50.819  -50.772  -46.007  -18.095  -18.042  -17.798  -10.301  -10.251
    1.850    2.089    2.560    3.851    4.008    4.359    6.634    7.350    7.489    9.248
    9.293   12.528   13.198   16.365   17.699   17.754   19.112
            0.347222  0.553294  0.000000
  -87.542  -50.827  -50.822  -50.772  -46.007  -18.083  -18.057  -17.798  -10.285  -10.255
    1.978    2.067    2.409    3.943    4.009    4.277    6.620    7.396    7.469    9.245
    9.276   12.722   13.110   16.185   17.922   17.950   18.631
            0.333333  0.577350  0.000000
  -87.542  -50.824  -50.824  -50.772  -46.007  -18.071  -18.071  -17.798  -10.268  -10.268
    2.050    2.050    2.337    4.000    4.000    4.233    6.615    7.437    7.437    9.257
    9.257   12.934   12.934   16.125   18.151   18.165   18.165
            0.320000  0.554256  0.000000
  -87.542  -50.827  -50.822  -50.772  -46.007  -18.082  -18.058  -17.798  -10.288  -10.252
    2.013    2.039    2.399    3.973    3.977    4.280    6.621    7.396    7.471    9.238
    9.280   12.689   13.153   16.175   17.728   18.361   18.414
            0.306667  0.531162  0.000000
  -87.542  -50.828  -50.819  -50.772  -46.007  -18.092  -18.046  -17.798  -10.318  -10.236
    1.943    2.031    2.517    3.906    3.940    4.380    6.639    7.347    7.499    9.217
    9.308   12.393   13.388   16.309   17.320   18.574   18.678
            0.293333  0.508068  0.000000
  -87.543  -50.830  -50.817  -50.773  -46.007  -18.099  -18.033  -17.799  -10.357  -10.220
    1.885    2.024    2.642    3.838    3.886    4.499    6.671    7.295    7.521    9.193
    9.335   12.066   13.639   16.505   16.939   18.795   18.953
            0.280000  0.484974  0.000000
  -87.543  -50.831  -50.815  -50.773  -46.008  -18.104  -18.020  -17.800  -10.407  -10.205
    1.852    2.016    2.761    3.783    3.815    4.626    6.716    7.241    7.537    9.166
    9.356   11.726   13.906   16.592   16.746   19.025   19.239
            0.266667  0.461880  0.000000
  -87.543  -50.831  -50.812  -50.773  -46.009  -18.107  -18.008  -17.802  -10.466  -10.191
    1.848    2.007    2.868    3.729    3.748    4.759    6.775    7.190    7.546    9.135
    9.366   11.388   14.183   16.283   17.017   19.263   19.530
            0.253333  0.438786  0.000000
  -87.543  -50.831  -50.810  -50.773  -46.011  -18.106  -17.995  -17.803  -10.535  -10.177
    1.871    1.994    2.959    3.630    3.737    4.896    6.842    7.145    7.549    9.098
    9.364   11.061   14.458   16.029   17.305   19.508   19.825
            0.240000  0.415692  0.000000
  -87.543  -50.830  -50.807  -50.774  -46.012  -18.103  -17.983  -17.805  -10.613  -10.165
    1.922    1.979    3.030    3.521    3.751    5.033    6.909    7.115    7.546    9.052
    9.347   10.756   14.697   15.862   17.595   19.758   20.105
            0.226667  0.392598  0.000000
  -87.543  -50.829  -50.805  -50.774  -46.014  -18.097  -17.972  -17.808  -10.699  -10.154
    1.963    1.998    3.076    3.412    3.789    5.168    6.956    7.115    7.535    8.992
    9.316   10.481   14.822   15.861   17.864   19.923   20.008
            0.213333  0.369504  0.000000
  -87.544  -50.827  -50.803  -50.775  -46.016  -18.088  -17.961  -17.811  -10.791  -10.144
    1.948    2.094    3.083    3.322    3.851    5.299    6.966    7.158    7.517    8.916
    9.275   10.246   14.791   16.066   18.071   19.766   20.249
            0.200000  0.346410  0.000000
  -87.544  -50.825  -50.801  -50.775  -46.018  -18.077  -17.950  -17.814  -10.889  -10.136
    1.937    2.201    3.029    3.285    3.933    5.420    6.956    7.219    7.493    8.821
    9.228   10.059   14.672   16.407   18.155   19.738   20.458
            0.186667  0.323316  0.000000
  -87.544  -50.822  -50.799  -50.776  -46.020  -18.064  -17.940  -17.817  -10.989  -10.128
    1.932    2.303    2.938    3.296    4.033    5.527    6.944    7.271    7.462    8.709
    9.180    9.924   14.526   16.818   18.083   19.868   20.597
            0.173333  0.300222  0.000000
  -87.545  -50.819  -50.797  -50.776  -46.023  -18.049  -17.931  -17.821  -11.092  -10.123
    1.935    2.369    2.859    3.339    4.149    5.613    6.933    7.299    7.426    8.592
    9.140    9.838   14.379   17.273   17.893   20.116   20.618
            0.160000  0.277128  0.000000
  -87.545  -50.816  -50.795  -50.777  -46.025  -18.032  -17.922  -17.824  -11.194  -10.118
    1.949    2.364    2.820    3.424    4.277    5.673    6.923    7.293    7.384    8.484
    9.115    9.792   14.236   17.642   17.759   20.422   20.514
            0.146667  0.254034  0.000000
  -87.546  -50.812  -50.793  -50.778  -46.028  -18.014  -17.914  -17.828  -11.295  -10.115
    1.973    2.290    2.810    3.561    4.414    5.701    6.913    7.247    7.337    8.395
    9.112    9.778   14.100   17.363   18.265   20.328   20.747
            0.133333  0.230940  0.000000
  -87.546  -50.809  -50.792  -50.778  -46.031  -17.996  -17.907  -17.831  -11.393  -10.113
    2.008    2.185    2.799    3.747    4.559    5.696    6.903    7.167    7.284    8.328
    9.138    9.786   13.972   17.074   18.767   20.126   21.064
            0.120000  0.207846  0.000000
  -87.546  -50.805  -50.790  -50.779  -46.033  -17.977  -17.900  -17.835  -11.486  -10.112
    2.055    2.071    2.778    3.968    4.708    5.659    6.890    7.062    7.223    8.277
    9.195    9.810   13.850   16.785   19.166   20.034   21.349
            0.106667  0.184752  0.000000
  -87.547  -50.801  -50.789  -50.780  -46.035  -17.958  -17.894  -17.838  -11.573  -10.112
    1.958    2.112    2.748    4.213    4.859    5.595    6.873    6.945    7.153    8.235
    9.280    9.845   13.735   16.505   19.218   20.313   21.585
            0.093333  0.161658  0.000000
  -87.547  -50.798  -50.788  -50.780  -46.038  -17.941  -17.889  -17.841  -11.653  -10.112
    1.853    2.177    2.714    4.471    5.005    5.514    6.821    6.856    7.075    8.194
    9.389    9.884   13.627   16.239   19.040   20.853   21.765
            0.080000  0.138564  0.000000
  -87.547  -50.794  -50.787  -50.781  -46.040  -17.924  -17.884  -17.844  -11.724  -10.113
    1.757    2.248    2.679    4.734    5.131    5.439    6.710    6.824    6.988    8.151
    9.514    9.924   13.525   15.994   18.820   21.475   21.894
            0.066667  0.115470  0.000000
  -87.548  -50.791  -50.786  -50.781  -46.042  -17.909  -17.881  -17.846  -11.786  -10.114
    1.673    2.322    2.646    4.995    5.174    5.438    6.609    6.784    6.894    8.107
    9.646    9.962   13.431   15.774   18.607   21.981   22.131
            0.053333  0.092376  0.000000
  -87.548  -50.789  -50.785  -50.781  -46.043  -17.896  -17.878  -17.849  -11.838  -10.115
    1.603    2.395    2.617    5.112    5.246    5.538    6.522    6.733    6.795    8.063
    9.774    9.996   13.346   15.586   18.418   22.038   22.806
            0.040000  0.069282  0.000000
  -87.548  -50.787  -50.785  -50.782  -46.044  -17.886  -17.875  -17.850  -11.879  -10.116
    1.547    2.461    2.594    5.028    5.481    5.663    6.451    6.669    6.694    8.021
    9.889   10.023   13.275   15.435   18.263   22.073   23.484
            0.026667  0.046188  0.000000
  -87.548  -50.786  -50.784  -50.782  -46.045  -17.879  -17.873  -17.852  -11.909  -10.117
    1.507    2.514    2.576    4.956    5.685    5.779    6.398    6.596    6.600    7.987
    9.980   10.042   13.219   15.323   18.148   22.093   24.134
            0.013333  0.023094  0.000000
  -87.548  -50.784  -50.784  -50.782  -46.046  -17.874  -17.872  -17.852  -11.927  -10.118
    1.482    2.549    2.565    4.907    5.840    5.867    6.363    6.526    6.527    7.965
   10.038   10.054   13.184   15.255   18.077   22.104   24.678
            0.000000  0.000000  0.000000
  -87.548  -50.784  -50.784  -50.782  -46.046  -17.872  -17.872  -17.852  -11.933  -10.118
    1.474    2.561    2.561    4.891    5.902    5.902    6.349    6.496    6.496    7.957
   10.059   10.059   13.172   15.231   18.053   22.107   24.919
