 &plot nbnd=  27, nks=    60 /
            0.000000  0.000000  0.000000
  -87.347  -50.599  -50.599  -50.563  -46.051  -17.878  -17.878  -17.856  -11.916  -10.101
    1.516    2.615    2.615    4.911    5.916    5.916    6.334    6.687    6.687    8.106
   10.142   10.142   13.161   15.242   18.064   22.106   24.846
            0.022727  0.013122  0.000000
  -87.347  -50.599  -50.599  -50.563  -46.051  -17.879  -17.878  -17.856  -11.910  -10.101
    1.524    2.602    2.618    4.928    5.860    5.888    6.350    6.710    6.712    8.113
   10.122   10.138   13.172   15.265   18.088   22.103   24.605
            0.045455  0.026243  0.000000
  -87.347  -50.600  -50.599  -50.563  -46.050  -17.884  -17.879  -17.856  -11.893  -10.100
    1.548    2.568    2.628    4.975    5.716    5.814    6.390    6.763    6.778    8.130
   10.065   10.127   13.207   15.331   18.157   22.093   24.062
            0.068182  0.039365  0.000000
  -87.346  -50.602  -50.600  -50.563  -46.049  -17.892  -17.881  -17.854  -11.864  -10.099
    1.587    2.514    2.646    5.045    5.520    5.712    6.447    6.824    6.866    8.157
    9.976   10.108   13.261   15.439   18.269   22.071   23.418
            0.090909  0.052486  0.000000
  -87.346  -50.604  -50.600  -50.562  -46.048  -17.902  -17.883  -17.853  -11.824  -10.098
    1.641    2.448    2.669    5.112    5.314    5.596    6.521    6.880    6.963    8.190
    9.862   10.084   13.331   15.586   18.420   22.019   22.767
            0.113636  0.065608  0.000000
  -87.346  -50.606  -50.601  -50.562  -46.047  -17.914  -17.886  -17.851  -11.774  -10.097
    1.710    2.374    2.698    4.984    5.289    5.473    6.611    6.926    7.060    8.224
    9.734   10.056   13.413   15.768   18.603   21.801   22.270
            0.136364  0.078730  0.000000
  -87.346  -50.609  -50.601  -50.562  -46.045  -17.929  -17.889  -17.848  -11.714  -10.096
    1.791    2.298    2.733    4.725    5.349    5.385    6.718    6.961    7.151    8.256
    9.601   10.025   13.504   15.980   18.809   21.243   22.117
            0.159091  0.091851  0.000000
  -87.345  -50.612  -50.602  -50.561  -46.043  -17.946  -17.893  -17.846  -11.644  -10.095
    1.883    2.224    2.772    4.449    5.227    5.485    6.838    6.988    7.232    8.283
    9.476    9.995   13.601   16.216   19.019   20.615   22.050
            0.181818  0.104973  0.000000
  -87.345  -50.616  -50.603  -50.561  -46.041  -17.965  -17.897  -17.842  -11.567  -10.095
    1.981    2.157    2.815    4.171    5.110    5.572    6.969    7.009    7.301    8.302
    9.371    9.967   13.705   16.471   19.176   20.051   21.986
            0.204545  0.118094  0.000000
  -87.345  -50.620  -50.604  -50.560  -46.038  -17.984  -17.901  -17.839  -11.482  -10.095
    2.046    2.135    2.861    3.899    5.000    5.637    7.023    7.106    7.356    8.313
    9.298    9.942   13.813   16.738   19.014   19.819   21.904
            0.227273  0.131216  0.000000
  -87.344  -50.624  -50.605  -50.559  -46.036  -18.005  -17.905  -17.836  -11.391  -10.097
    2.006    2.225    2.907    3.644    4.897    5.670    7.034    7.243    7.394    8.323
    9.266    9.924   13.926   17.007   18.502   19.941   21.782
            0.250000  0.144338  0.000000
  -87.344  -50.628  -50.606  -50.559  -46.033  -18.025  -17.910  -17.832  -11.296  -10.099
    1.950    2.328    2.954    3.420    4.805    5.668    7.041    7.368    7.417    8.344
    9.278    9.912   14.044   17.254   17.948   20.104   21.568
            0.272727  0.157459  0.000000
  -87.344  -50.632  -50.607  -50.558  -46.031  -18.046  -17.914  -17.829  -11.197  -10.104
    1.889    2.411    2.999    3.249    4.723    5.630    7.043    7.424    7.466    8.394
    9.333    9.906   14.165   17.215   17.676   20.196   21.260
            0.295455  0.170581  0.000000
  -87.343  -50.636  -50.608  -50.557  -46.028  -18.066  -17.919  -17.825  -11.097  -10.110
    1.818    2.452    3.042    3.160    4.653    5.557    7.040    7.418    7.528    8.486
    9.427    9.908   14.288   16.716   17.869   20.130   20.983
            0.318182  0.183702  0.000000
  -87.343  -50.640  -50.609  -50.557  -46.026  -18.085  -17.923  -17.822  -10.996  -10.119
    1.731    2.446    3.080    3.166    4.595    5.458    7.031    7.401    7.556    8.617
    9.557    9.915   14.407   16.196   18.088   19.883   20.801
            0.340909  0.196824  0.000000
  -87.343  -50.644  -50.610  -50.556  -46.024  -18.103  -17.927  -17.819  -10.897  -10.130
    1.624    2.422    3.113    3.237    4.549    5.340    7.015    7.375    7.559    8.771
    9.721    9.925   14.494   15.732   18.265   19.559   20.659
            0.363636  0.209946  0.000000
  -87.342  -50.647  -50.610  -50.556  -46.022  -18.120  -17.931  -17.816  -10.801  -10.145
    1.505    2.409    3.140    3.335    4.516    5.214    6.992    7.343    7.549    8.929
    9.921    9.939   14.468   15.416   18.335   19.289   20.522
            0.386364  0.223067  0.000000
  -87.342  -50.650  -50.611  -50.555  -46.020  -18.134  -17.934  -17.814  -10.709  -10.164
    1.384    2.414    3.161    3.439    4.492    5.088    6.964    7.310    7.534    9.076
    9.953   10.154   14.220   15.361   18.205   19.196   20.386
            0.409091  0.236189  0.000000
  -87.342  -50.652  -50.612  -50.555  -46.019  -18.146  -17.937  -17.811  -10.622  -10.187
    1.272    2.433    3.176    3.534    4.478    4.974    6.932    7.277    7.518    9.203
    9.967   10.418   13.835   15.486   17.912   19.255   20.254
            0.431818  0.249310  0.000000
  -87.342  -50.654  -50.612  -50.555  -46.017  -18.156  -17.939  -17.810  -10.543  -10.216
    1.178    2.459    3.187    3.611    4.470    4.878    6.901    7.248    7.504    9.303
    9.979   10.703   13.425   15.690   17.562   19.364   20.129
            0.454545  0.262432  0.000000
  -87.342  -50.656  -50.613  -50.555  -46.017  -18.163  -17.940  -17.809  -10.472  -10.250
    1.107    2.485    3.193    3.667    4.466    4.807    6.875    7.226    7.494    9.376
    9.988   10.992   13.039   15.937   17.205   19.481   20.012
            0.477273  0.275554  0.000000
  -87.341  -50.657  -50.613  -50.554  -46.016  -18.168  -17.941  -17.808  -10.411  -10.288
    1.063    2.503    3.197    3.699    4.465    4.765    6.856    7.212    7.487    9.420
    9.994   11.244   12.729   16.215   16.859   19.586   19.911
            0.500000  0.288675  0.000000
  -87.341  -50.657  -50.613  -50.554  -46.016  -18.169  -17.942  -17.808  -10.377  -10.314
    1.049    2.510    3.198    3.709    4.465    4.751    6.850    7.207    7.485    9.435
    9.996   11.356   12.596   16.474   16.577   19.639   19.858
            0.486111  0.312731  0.000000
  -87.341  -50.657  -50.613  -50.554  -46.016  -18.168  -17.943  -17.807  -10.376  -10.312
    1.058    2.500    3.210    3.707    4.438    4.750    6.857    7.210    7.490    9.435
    9.977   11.373   12.606   16.487   16.593   19.592   19.877
            0.472222  0.336788  0.000000
  -87.341  -50.657  -50.614  -50.554  -46.016  -18.166  -17.947  -17.807  -10.373  -10.307
    1.087    2.471    3.244    3.699    4.365    4.747    6.876    7.222    7.502    9.435
    9.923   11.418   12.637   16.523   16.639   19.444   19.932
            0.458333  0.360844  0.000000
  -87.341  -50.656  -50.615  -50.554  -46.015  -18.162  -17.954  -17.807  -10.367  -10.299
    1.134    2.428    3.296    3.676    4.262    4.739    6.898    7.241    7.524    9.435
    9.842   11.489   12.686   16.584   16.712   19.186   20.019
            0.444444  0.384900  0.000000
  -87.341  -50.655  -50.617  -50.554  -46.015  -18.157  -17.963  -17.806  -10.360  -10.289
    1.198    2.379    3.360    3.622    4.156    4.724    6.916    7.268    7.553    9.434
    9.746   11.579   12.752   16.668   16.811   18.830   20.128
            0.430556  0.408956  0.000000
  -87.341  -50.654  -50.619  -50.554  -46.014  -18.151  -17.975  -17.805  -10.351  -10.276
    1.280    2.327    3.433    3.516    4.080    4.700    6.926    7.302    7.586    9.431
    9.646   11.686   12.831   16.772   16.932   18.409   20.243
            0.416667  0.433013  0.000000
  -87.341  -50.652  -50.622  -50.554  -46.014  -18.143  -17.988  -17.805  -10.340  -10.264
    1.378    2.277    3.359    3.514    4.044    4.664    6.926    7.342    7.619    9.426
    9.550   11.807   12.917   16.892   17.069   17.963   20.322
            0.402778  0.457069  0.000000
  -87.341  -50.650  -50.625  -50.554  -46.013  -18.135  -18.003  -17.804  -10.328  -10.252
    1.490    2.229    3.169    3.601    4.036    4.613    6.917    7.388    7.647    9.418
    9.467   11.942   13.003   17.006   17.222   17.544   20.270
            0.388889  0.481125  0.000000
  -87.341  -50.648  -50.628  -50.554  -46.013  -18.125  -18.018  -17.803  -10.314  -10.241
    1.613    2.188    2.967    3.693    4.041    4.547    6.903    7.437    7.666    9.401
    9.408   12.092   13.076   16.940   17.354   17.387   19.997
            0.375000  0.505181  0.000000
  -87.341  -50.646  -50.631  -50.553  -46.012  -18.114  -18.034  -17.803  -10.299  -10.235
    1.746    2.152    2.769    3.789    4.050    4.469    6.886    7.487    7.674    9.356
    9.395   12.255   13.117   16.631   17.481   17.564   19.573
            0.361111  0.529238  0.000000
  -87.341  -50.644  -50.634  -50.553  -46.012  -18.103  -18.049  -17.802  -10.283  -10.233
    1.883    2.124    2.585    3.889    4.057    4.382    6.870    7.535    7.669    9.332
    9.380   12.433   13.103   16.354   17.676   17.750   19.099
            0.347222  0.553294  0.000000
  -87.341  -50.642  -50.637  -50.553  -46.011  -18.090  -18.064  -17.802  -10.267  -10.238
    2.012    2.102    2.431    3.985    4.057    4.296    6.858    7.580    7.650    9.329
    9.362   12.626   13.013   16.178   17.899   17.946   18.617
            0.333333  0.577350  0.000000
  -87.341  -50.639  -50.639  -50.553  -46.011  -18.078  -18.078  -17.802  -10.250  -10.250
    2.087    2.087    2.358    4.046    4.046    4.248    6.853    7.619    7.619    9.343
    9.343   12.836   12.836   16.120   18.142   18.142   18.155
            0.320000  0.554256  0.000000
  -87.341  -50.642  -50.637  -50.553  -46.011  -18.089  -18.065  -17.802  -10.271  -10.234
    2.047    2.076    2.421    4.016    4.023    4.300    6.858    7.580    7.651    9.323
    9.367   12.594   13.054   16.168   17.714   18.356   18.392
            0.306667  0.531162  0.000000
  -87.341  -50.643  -50.634  -50.553  -46.012  -18.099  -18.052  -17.802  -10.300  -10.218
    1.974    2.068    2.541    3.945    3.986    4.405    6.875    7.533    7.677    9.300
    9.395   12.301   13.288   16.300   17.305   18.570   18.656
            0.293333  0.508068  0.000000
  -87.341  -50.645  -50.632  -50.554  -46.012  -18.106  -18.040  -17.803  -10.340  -10.202
    1.916    2.062    2.667    3.875    3.932    4.526    6.905    7.482    7.697    9.275
    9.422   11.979   13.538   16.494   16.925   18.791   18.933
            0.280000  0.484974  0.000000
  -87.341  -50.646  -50.629  -50.554  -46.013  -18.111  -18.027  -17.804  -10.389  -10.187
    1.883    2.054    2.786    3.821    3.862    4.655    6.948    7.430    7.711    9.246
    9.444   11.645   13.804   16.577   16.733   19.021   19.220
            0.266667  0.461880  0.000000
  -87.341  -50.646  -50.627  -50.554  -46.014  -18.114  -18.014  -17.805  -10.449  -10.173
    1.878    2.044    2.894    3.776    3.787    4.789    7.002    7.382    7.718    9.210
    9.454   11.313   14.082   16.268   17.002   19.259   19.515
            0.253333  0.438786  0.000000
  -87.341  -50.646  -50.624  -50.554  -46.015  -18.113  -18.002  -17.807  -10.518  -10.159
    1.902    2.032    2.986    3.677    3.777    4.926    7.065    7.340    7.719    9.166
    9.452   10.995   14.360   16.010   17.289   19.504   19.812
            0.240000  0.415692  0.000000
  -87.342  -50.645  -50.622  -50.555  -46.017  -18.110  -17.989  -17.809  -10.596  -10.147
    1.953    2.017    3.058    3.568    3.792    5.063    7.125    7.315    7.713    9.109
    9.435   10.701   14.608   15.834   17.578   19.755   20.107
            0.226667  0.392598  0.000000
  -87.342  -50.644  -50.620  -50.555  -46.019  -18.104  -17.978  -17.812  -10.682  -10.136
    2.001    2.030    3.107    3.458    3.832    5.198    7.162    7.324    7.700    9.034
    9.405   10.442   14.756   15.810   17.847   19.942   20.006
            0.213333  0.369504  0.000000
  -87.342  -50.642  -50.617  -50.556  -46.021  -18.095  -17.967  -17.815  -10.774  -10.126
    1.986    2.126    3.119    3.364    3.896    5.328    7.164    7.373    7.680    8.938
    9.363   10.227   14.750   15.991   18.057   19.782   20.247
            0.200000  0.346410  0.000000
  -87.342  -50.640  -50.615  -50.556  -46.023  -18.084  -17.956  -17.818  -10.871  -10.118
    1.975    2.234    3.073    3.321    3.980    5.448    7.152    7.432    7.654    8.821
    9.315   10.064   14.644   16.319   18.146   19.747   20.458
            0.186667  0.323316  0.000000
  -87.343  -50.637  -50.613  -50.557  -46.025  -18.071  -17.946  -17.821  -10.972  -10.111
    1.971    2.337    2.985    3.329    4.082    5.553    7.139    7.477    7.622    8.692
    9.267    9.952   14.506   16.725   18.080   19.870   20.598
            0.173333  0.300222  0.000000
  -87.343  -50.634  -50.611  -50.557  -46.028  -18.056  -17.937  -17.825  -11.075  -10.105
    1.975    2.406    2.906    3.372    4.200    5.638    7.127    7.492    7.584    8.568
    9.226    9.884   14.362   17.178   17.895   20.113   20.622
            0.160000  0.277128  0.000000
  -87.344  -50.631  -50.610  -50.558  -46.030  -18.039  -17.928  -17.828  -11.177  -10.101
    1.989    2.404    2.866    3.457    4.329    5.696    7.115    7.462    7.540    8.468
    9.201    9.851   14.221   17.647   17.663   20.416   20.520
            0.146667  0.254034  0.000000
  -87.344  -50.627  -50.608  -50.559  -46.033  -18.021  -17.920  -17.832  -11.278  -10.098
    2.014    2.333    2.856    3.594    4.468    5.724    7.104    7.386    7.492    8.401
    9.198    9.845   14.087   17.370   18.171   20.334   20.740
            0.133333  0.230940  0.000000
  -87.344  -50.623  -50.606  -50.559  -46.036  -18.002  -17.913  -17.835  -11.376  -10.096
    2.050    2.229    2.846    3.779    4.614    5.718    7.090    7.274    7.436    8.361
    9.224    9.859   13.960   17.082   18.681   20.125   21.056
            0.120000  0.207846  0.000000
  -87.345  -50.620  -50.605  -50.560  -46.038  -17.983  -17.906  -17.839  -11.469  -10.095
    2.098    2.115    2.825    4.001    4.764    5.681    7.069    7.147    7.374    8.335
    9.279    9.887   13.840   16.794   19.110   20.003   21.342
            0.106667  0.184752  0.000000
  -87.345  -50.616  -50.604  -50.561  -46.040  -17.965  -17.900  -17.842  -11.556  -10.094
    2.002    2.156    2.796    4.246    4.915    5.618    6.988    7.069    7.303    8.313
    9.364    9.923   13.725   16.514   19.212   20.231   21.580
            0.093333  0.161658  0.000000
  -87.345  -50.612  -50.602  -50.561  -46.043  -17.947  -17.895  -17.845  -11.636  -10.095
    1.896    2.222    2.763    4.505    5.060    5.538    6.857    7.037    7.224    8.289
    9.473    9.964   13.617   16.248   19.049   20.757   21.762
            0.080000  0.138564  0.000000
  -87.346  -50.609  -50.601  -50.562  -46.045  -17.930  -17.890  -17.848  -11.707  -10.096
    1.800    2.295    2.730    4.768    5.180    5.468    6.733    7.003    7.137    8.260
    9.598   10.006   13.515   16.003   18.832   21.376   21.892
            0.066667  0.115470  0.000000
  -87.346  -50.606  -50.601  -50.562  -46.047  -17.915  -17.886  -17.850  -11.769  -10.097
    1.716    2.370    2.698    5.028    5.206    5.480    6.622    6.960    7.045    8.227
    9.729   10.044   13.421   15.784   18.620   21.980   22.032
            0.053333  0.092376  0.000000
  -87.346  -50.604  -50.600  -50.562  -46.048  -17.902  -17.883  -17.853  -11.821  -10.098
    1.646    2.444    2.669    5.137    5.279    5.584    6.528    6.906    6.950    8.192
    9.857   10.078   13.336   15.597   18.431   22.037   22.709
            0.040000  0.069282  0.000000
  -87.346  -50.602  -50.599  -50.563  -46.049  -17.892  -17.881  -17.854  -11.862  -10.099
    1.590    2.512    2.646    5.051    5.511    5.703    6.451    6.842    6.857    8.159
    9.972   10.106   13.264   15.445   18.275   22.072   23.390
            0.026667  0.046188  0.000000
  -87.347  -50.600  -50.599  -50.563  -46.050  -17.884  -17.879  -17.856  -11.892  -10.100
    1.549    2.566    2.629    4.977    5.711    5.810    6.391    6.772    6.773    8.131
   10.063   10.126   13.208   15.334   18.160   22.092   24.045
            0.013333  0.023094  0.000000
  -87.347  -50.599  -50.599  -50.563  -46.051  -17.879  -17.878  -17.856  -11.910  -10.100
    1.525    2.602    2.618    4.928    5.858    5.887    6.350    6.711    6.712    8.113
   10.122   10.138   13.173   15.265   18.088   22.103   24.598
            0.000000  0.000000  0.000000
  -87.347  -50.599  -50.599  -50.563  -46.051  -17.878  -17.878  -17.856  -11.916  -10.101
    1.516    2.615    2.615    4.911    5.916    5.916    6.334    6.687    6.687    8.106
   10.142   10.142   13.161   15.242   18.064   22.106   24.846
