 &plot nbnd=  64, nks=    60 /
            0.000000  0.000000  0.000000
  -93.522  -93.517  -93.516  -56.769  -56.769  -56.769  -56.769  -56.731  -56.731  -56.723
  -56.714  -56.712  -52.225  -24.142  -24.142  -24.103  -16.842  -15.167  -15.167  -15.167
  -15.167  -14.918   -3.057   -2.922   -2.922   -2.918   -2.918   -2.712   -2.712   -2.484
   -2.477   -0.912   -0.912   -0.908   -0.908   -0.496   -0.488    0.480    0.706    0.706
    0.726    0.726    1.051    1.051    1.794    1.794    1.796    1.796    1.851    2.246
    3.952    3.952    3.957    3.957    4.693    4.693    5.952    8.480    9.180    9.180
    9.965    9.965   10.511   10.816
            0.022727  0.013122  0.000000
  -93.522  -93.517  -93.516  -56.770  -56.770  -56.768  -56.768  -56.731  -56.731  -56.723
  -56.715  -56.712  -52.225  -24.142  -24.142  -24.103  -16.840  -15.178  -15.177  -15.159
  -15.158  -14.918   -3.055   -2.939   -2.925   -2.925   -2.912   -2.714   -2.710   -2.468
   -2.461   -0.922   -0.919   -0.914   -0.910   -0.485   -0.477    0.481    0.690    0.692
    0.728    0.728    1.058    1.066    1.765    1.766    1.822    1.823    1.853    2.249
    3.952    3.953    3.958    3.959    4.687    4.692    5.956    8.485    9.111    9.150
    9.930   10.003   10.554   10.891
            0.045455  0.026243  0.000000
  -93.522  -93.517  -93.516  -56.771  -56.771  -56.766  -56.766  -56.731  -56.731  -56.723
  -56.715  -56.712  -52.225  -24.142  -24.142  -24.103  -16.835  -15.192  -15.186  -15.153
  -15.148  -14.919   -3.048   -2.981   -2.949   -2.928   -2.902   -2.720   -2.706   -2.426
   -2.416   -0.951   -0.946   -0.921   -0.914   -0.454   -0.447    0.484    0.646    0.659
    0.734    0.736    1.074    1.103    1.732    1.735    1.846    1.850    1.861    2.259
    3.950    3.956    3.960    3.964    4.669    4.688    5.968    8.498    8.937    9.072
    9.838   10.104   10.672   11.083
            0.068182  0.039365  0.000000
  -93.522  -93.517  -93.516  -56.773  -56.772  -56.765  -56.765  -56.731  -56.731  -56.723
  -56.715  -56.712  -52.225  -24.142  -24.142  -24.103  -16.825  -15.209  -15.195  -15.150
  -15.138  -14.919   -3.040   -3.036   -2.980   -2.930   -2.890   -2.730   -2.700   -2.372
   -2.348   -0.992   -0.984   -0.932   -0.921   -0.412   -0.403    0.480    0.580    0.625
    0.744    0.749    1.095    1.153    1.697    1.703    1.865    1.873    1.875    2.275
    3.949    3.962    3.963    3.971    4.640    4.681    5.988    8.506    8.722    8.969
    9.718   10.245   10.833   11.343
            0.090909  0.052486  0.000000
  -93.522  -93.517  -93.516  -56.774  -56.773  -56.764  -56.763  -56.732  -56.731  -56.722
  -56.715  -56.712  -52.225  -24.142  -24.142  -24.103  -16.811  -15.229  -15.204  -15.149
  -15.128  -14.920   -3.105   -3.022   -3.011   -2.930   -2.875   -2.744   -2.690   -2.313
   -2.265   -1.041   -1.028   -0.948   -0.930   -0.363   -0.348    0.450    0.497    0.614
    0.756    0.768    1.116    1.209    1.660    1.669    1.880    1.890    1.899    2.296
    3.948    3.965    3.974    3.979    4.600    4.672    6.016    8.385    8.621    8.856
    9.591   10.411   11.013   11.628
            0.113636  0.065608  0.000000
  -93.522  -93.517  -93.516  -56.775  -56.774  -56.762  -56.762  -56.733  -56.731  -56.722
  -56.715  -56.712  -52.225  -24.142  -24.142  -24.103  -16.794  -15.252  -15.212  -15.149
  -15.118  -14.920   -3.175   -3.040   -3.001   -2.930   -2.857   -2.761   -2.679   -2.252
   -2.171   -1.094   -1.073   -0.969   -0.940   -0.311   -0.287    0.393    0.402    0.630
    0.770    0.793    1.135    1.267    1.622    1.633    1.890    1.910    1.921    2.324
    3.948    3.967    3.983    3.994    4.551    4.660    6.050    8.131    8.652    8.742
    9.465   10.593   11.202   11.415
            0.136364  0.078730  0.000000
  -93.522  -93.517  -93.516  -56.776  -56.775  -56.761  -56.760  -56.734  -56.731  -56.722
  -56.715  -56.712  -52.225  -24.142  -24.142  -24.103  -16.773  -15.278  -15.220  -15.151
  -15.108  -14.921   -3.245   -3.061   -2.977   -2.930   -2.837   -2.780   -2.665   -2.193
   -2.070   -1.150   -1.117   -0.994   -0.951   -0.259   -0.220    0.296    0.324    0.662
    0.785    0.824    1.151    1.325    1.583    1.597    1.895    1.933    1.942    2.357
    3.948    3.969    3.989    4.016    4.495    4.646    6.092    7.857    8.629    8.707
    9.344   10.788   11.172   11.395
            0.159091  0.091851  0.000000
  -93.522  -93.518  -93.516  -56.777  -56.775  -56.760  -56.758  -56.735  -56.732  -56.722
  -56.715  -56.713  -52.225  -24.142  -24.142  -24.103  -16.748  -15.308  -15.228  -15.155
  -15.099  -14.922   -3.316   -3.076   -2.949   -2.930   -2.813   -2.801   -2.648   -2.138
   -1.964   -1.208   -1.157   -1.024   -0.961   -0.208   -0.151    0.182    0.248    0.703
    0.802    0.861    1.165    1.382    1.545    1.559    1.895    1.956    1.961    2.396
    3.949    3.971    3.993    4.043    4.432    4.628    6.141    7.581    8.521    8.771
    9.234   10.912   11.004   11.590
            0.181818  0.104973  0.000000
  -93.522  -93.518  -93.516  -56.778  -56.775  -56.758  -56.757  -56.736  -56.732  -56.722
  -56.715  -56.713  -52.225  -24.142  -24.142  -24.103  -16.720  -15.340  -15.235  -15.160
  -15.089  -14.924   -3.384   -3.082   -2.930   -2.917   -2.824   -2.786   -2.630   -2.088
   -1.856   -1.267   -1.193   -1.058   -0.969   -0.158   -0.078    0.062    0.168    0.748
    0.819    0.904    1.176    1.437    1.508    1.520    1.889    1.978    1.979    2.442
    3.951    3.973    3.994    4.076    4.364    4.608    6.197    7.306    8.417    8.831
    9.144   10.668   11.215   11.784
            0.204545  0.118094  0.000000
  -93.522  -93.518  -93.516  -56.779  -56.775  -56.757  -56.755  -56.738  -56.732  -56.722
  -56.715  -56.713  -52.225  -24.142  -24.142  -24.103  -16.689  -15.376  -15.243  -15.165
  -15.079  -14.925   -3.451   -3.080   -2.931   -2.882   -2.847   -2.757   -2.610   -2.044
   -1.748   -1.327   -1.222   -1.095   -0.974   -0.111   -0.063   -0.003    0.087    0.797
    0.835    0.952    1.185    1.472    1.480    1.490    1.879    1.993    2.000    2.496
    3.953    3.975    3.993    4.114    4.293    4.585    6.259    7.036    8.320    8.858
    9.105   10.421   11.440   11.930
            0.227273  0.131216  0.000000
  -93.522  -93.518  -93.517  -56.780  -56.775  -56.755  -56.754  -56.739  -56.733  -56.721
  -56.715  -56.713  -52.225  -24.142  -24.142  -24.103  -16.654  -15.416  -15.249  -15.171
  -15.069  -14.927   -3.514   -3.070   -2.933   -2.871   -2.842   -2.724   -2.588   -2.008
   -1.644   -1.387   -1.245   -1.135   -0.973   -0.192   -0.065    0.004    0.074    0.846
    0.851    1.005    1.193    1.439    1.439    1.541    1.864    2.006    2.017    2.558
    3.957    3.976    3.988    4.156    4.221    4.560    6.327    6.770    8.229    8.820
    9.146   10.179   11.674   11.840
            0.250000  0.144338  0.000000
  -93.522  -93.518  -93.517  -56.781  -56.775  -56.754  -56.752  -56.741  -56.733  -56.721
  -56.715  -56.713  -52.225  -24.142  -24.142  -24.103  -16.616  -15.458  -15.255  -15.178
  -15.060  -14.929   -3.573   -3.051   -2.937   -2.894   -2.800   -2.689   -2.565   -1.979
   -1.546   -1.449   -1.260   -1.176   -0.965   -0.324   -0.079   -0.022    0.153    0.866
    0.896    1.062    1.199    1.399    1.408    1.588    1.845    2.017    2.030    2.629
    3.961    3.977    3.980    4.150    4.200    4.532    6.402    6.511    8.145    8.750
    9.235    9.943   11.756   11.912
            0.272727  0.157459  0.000000
  -93.521  -93.518  -93.517  -56.782  -56.775  -56.753  -56.751  -56.743  -56.734  -56.721
  -56.715  -56.713  -52.225  -24.142  -24.142  -24.103  -16.575  -15.502  -15.261  -15.185
  -15.051  -14.931   -3.628   -3.024   -2.943   -2.916   -2.755   -2.650   -2.541   -1.958
   -1.510   -1.461   -1.267   -1.219   -0.944   -0.456   -0.163    0.018    0.232    0.880
    0.943    1.122    1.203    1.359    1.380    1.633    1.822    2.025    2.037    2.710
    3.967    3.969    3.978    4.080    4.247    4.503    6.258    6.483    8.068    8.676
    9.344    9.713   11.679   11.854
            0.295455  0.170581  0.000000
  -93.521  -93.518  -93.517  -56.782  -56.774  -56.752  -56.750  -56.745  -56.734  -56.721
  -56.716  -56.713  -52.225  -24.142  -24.142  -24.103  -16.531  -15.550  -15.266  -15.191
  -15.042  -14.934   -3.679   -2.989   -2.950   -2.937   -2.707   -2.610   -2.516   -1.945
   -1.571   -1.393   -1.266   -1.262   -0.906   -0.587   -0.246    0.055    0.313    0.892
    0.986    1.182    1.207    1.320    1.357    1.675    1.795    2.031    2.038    2.800
    3.955    3.973    3.980    4.015    4.295    4.472    6.012    6.570    7.997    8.604
    9.465    9.491   11.608   11.776
            0.318182  0.183702  0.000000
  -93.521  -93.518  -93.517  -56.783  -56.773  -56.750  -56.749  -56.746  -56.735  -56.720
  -56.716  -56.713  -52.225  -24.142  -24.142  -24.103  -16.485  -15.599  -15.271  -15.198
  -15.033  -14.937   -3.726   -2.959   -2.954   -2.948   -2.658   -2.566   -2.492   -1.942
   -1.633   -1.346   -1.305   -1.256   -0.852   -0.716   -0.329    0.089    0.393    0.902
    1.023    1.210    1.238    1.282    1.345    1.714    1.765    2.034    2.034    2.899
    3.937    3.955    3.976    3.986    4.343    4.439    5.774    6.664    7.934    8.538
    9.276    9.594   11.544   11.705
            0.340909  0.196824  0.000000
  -93.521  -93.518  -93.517  -56.784  -56.772  -56.749  -56.748  -56.747  -56.736  -56.720
  -56.716  -56.713  -52.225  -24.142  -24.142  -24.103  -16.436  -15.651  -15.275  -15.204
  -15.024  -14.940   -3.767   -2.974   -2.966   -2.900   -2.608   -2.521   -2.467   -1.947
   -1.695   -1.346   -1.315   -1.239   -0.842   -0.784   -0.411    0.120    0.474    0.910
    1.052    1.212    1.246    1.269    1.362    1.734    1.751    2.023    2.034    3.006
    3.900    3.919    3.977    3.995    4.389    4.406    5.544    6.762    7.878    8.479
    9.070    9.730   11.487   11.641
            0.363636  0.209946  0.000000
  -93.521  -93.518  -93.517  -56.784  -56.771  -56.751  -56.748  -56.746  -56.736  -56.720
  -56.716  -56.713  -52.225  -24.142  -24.142  -24.103  -16.386  -15.705  -15.279  -15.210
  -15.016  -14.944   -3.803   -2.989   -2.975   -2.847   -2.560   -2.473   -2.443   -1.960
   -1.756   -1.383   -1.297   -1.214   -0.961   -0.709   -0.491    0.148    0.553    0.915
    1.073    1.213    1.213    1.268    1.414    1.703    1.785    2.006    2.031    3.122
    3.855    3.896    3.977    4.007    4.372    4.433    5.323    6.866    7.830    8.428
    8.873    9.872   11.438   11.585
            0.386364  0.223067  0.000000
  -93.520  -93.518  -93.517  -56.785  -56.770  -56.753  -56.747  -56.746  -56.737  -56.720
  -56.716  -56.714  -52.225  -24.142  -24.142  -24.103  -16.333  -15.760  -15.282  -15.215
  -15.008  -14.948   -3.834   -3.001   -2.985   -2.790   -2.517   -2.424   -2.415   -1.982
   -1.817   -1.415   -1.288   -1.181   -1.073   -0.634   -0.570    0.173    0.631    0.918
    1.082    1.184    1.215    1.259    1.478    1.673    1.817    1.983    2.025    3.244
    3.819    3.873    3.976    4.021    4.339    4.472    5.111    6.973    7.789    8.384
    8.686   10.020   11.396   11.537
            0.409091  0.236189  0.000000
  -93.520  -93.519  -93.517  -56.785  -56.769  -56.755  -56.746  -56.745  -56.738  -56.719
  -56.717  -56.714  -52.225  -24.142  -24.142  -24.103  -16.278  -15.817  -15.285  -15.219
  -15.000  -14.952   -3.860   -3.010   -2.995   -2.731   -2.487   -2.381   -2.373   -2.011
   -1.877   -1.441   -1.284   -1.174   -1.142   -0.647   -0.565    0.194    0.706    0.920
    1.081    1.158    1.216    1.249    1.543    1.645    1.848    1.954    2.016    3.372
    3.792    3.849    3.976    4.035    4.307    4.506    4.911    7.083    7.755    8.348
    8.511   10.172   11.362   11.498
            0.431818  0.249310  0.000000
  -93.520  -93.519  -93.517  -56.785  -56.767  -56.757  -56.745  -56.744  -56.739  -56.719
  -56.717  -56.714  -52.225  -24.142  -24.142  -24.103  -16.223  -15.874  -15.287  -15.223
  -14.993  -14.957   -3.880   -3.017   -3.003   -2.672   -2.474   -2.337   -2.322   -2.046
   -1.935   -1.458   -1.282   -1.263   -1.096   -0.722   -0.506    0.210    0.778    0.919
    1.068    1.137    1.217    1.241    1.607    1.622    1.876    1.920    2.004    3.502
    3.774    3.827    3.976    4.050    4.277    4.533    4.726    7.192    7.728    8.320
    8.352   10.329   11.335   11.399
            0.454545  0.262432  0.000000
  -93.520  -93.519  -93.517  -56.786  -56.766  -56.759  -56.744  -56.743  -56.740  -56.719
  -56.717  -56.714  -52.225  -24.142  -24.142  -24.103  -16.166  -15.932  -15.288  -15.225
  -14.986  -14.962   -3.894   -3.021   -3.010   -2.617   -2.477   -2.287   -2.273   -2.088
   -1.990   -1.464   -1.337   -1.281   -1.045   -0.794   -0.460    0.222    0.846    0.918
    1.043    1.122    1.219    1.234    1.604    1.669    1.879    1.903    1.989    3.627
    3.766    3.806    3.976    4.064    4.250    4.554    4.563    7.292    7.710    8.215
    8.300   10.488   11.220   11.316
            0.477273  0.275554  0.000000
  -93.520  -93.519  -93.517  -56.786  -56.764  -56.760  -56.744  -56.742  -56.740  -56.718
  -56.717  -56.714  -52.225  -24.142  -24.142  -24.103  -16.108  -15.991  -15.289  -15.227
  -14.979  -14.967   -3.902   -3.023   -3.015   -2.566   -2.494   -2.235   -2.230   -2.134
   -2.036   -1.457   -1.394   -1.281   -0.989   -0.863   -0.432    0.230    0.907    0.917
    1.007    1.113    1.221    1.228    1.593    1.728    1.834    1.928    1.972    3.731
    3.765    3.789    3.976    4.074    4.228    4.440    4.566    7.371    7.698    8.115
    8.288   10.643   11.053   11.304
            0.500000  0.288675  0.000000
  -93.520  -93.519  -93.517  -56.786  -56.762  -56.762  -56.744  -56.742  -56.741  -56.718
  -56.717  -56.714  -52.225  -24.142  -24.142  -24.103  -16.050  -16.049  -15.289  -15.227
  -14.973  -14.973   -3.905   -3.023   -3.017   -2.525   -2.524   -2.211   -2.185   -2.182
   -2.057   -1.440   -1.429   -1.281   -0.928   -0.928   -0.422    0.233    0.917    0.960
    0.962    1.109    1.224    1.224    1.589    1.781    1.785    1.950    1.952    3.768
    3.775    3.780    3.976    4.078    4.217    4.392    4.570    7.402    7.694    8.077
    8.283   10.741   10.951   11.300
            0.486111  0.312731  0.000000
  -93.520  -93.519  -93.517  -56.786  -56.763  -56.762  -56.744  -56.742  -56.741  -56.718
  -56.717  -56.714  -52.225  -24.142  -24.142  -24.103  -16.049  -16.048  -15.306  -15.214
  -14.974  -14.973   -3.900   -3.026   -3.021   -2.524   -2.523   -2.216   -2.183   -2.181
   -2.057   -1.447   -1.436   -1.280   -0.918   -0.917   -0.424    0.233    0.923    0.956
    0.958    1.113    1.226    1.227    1.590    1.778    1.782    1.948    1.950    3.741
    3.772    3.803    3.974    4.089    4.223    4.396    4.570    7.405    7.562    8.081
    8.424   10.744   10.955   11.070
            0.472222  0.336788  0.000000
  -93.520  -93.519  -93.517  -56.785  -56.763  -56.763  -56.744  -56.741  -56.741  -56.718
  -56.717  -56.714  -52.225  -24.142  -24.142  -24.103  -16.044  -16.043  -15.339  -15.189
  -14.974  -14.974   -3.884   -3.036   -3.030   -2.521   -2.520   -2.230   -2.180   -2.178
   -2.058   -1.468   -1.457   -1.278   -0.890   -0.889   -0.431    0.233    0.940    0.944
    0.946    1.126    1.233    1.233    1.594    1.770    1.774    1.942    1.944    3.711
    3.752    3.836    3.966    4.120    4.240    4.407    4.568    7.309    7.415    8.093
    8.699   10.756   10.795   10.966
            0.458333  0.360844  0.000000
  -93.520  -93.519  -93.517  -56.785  -56.763  -56.763  -56.744  -56.741  -56.741  -56.718
  -56.717  -56.714  -52.225  -24.142  -24.142  -24.103  -16.037  -16.036  -15.377  -15.164
  -14.976  -14.975   -3.858   -3.051   -3.045   -2.515   -2.514   -2.253   -2.175   -2.173
   -2.060   -1.496   -1.485   -1.278   -0.849   -0.848   -0.441    0.237    0.926    0.928
    0.967    1.146    1.243    1.243    1.599    1.756    1.759    1.933    1.934    3.684
    3.726    3.871    3.953    4.163    4.267    4.424    4.564    7.035    7.431    8.113
    9.011   10.525   10.775   10.985
            0.444444  0.384900  0.000000
  -93.520  -93.519  -93.517  -56.784  -56.764  -56.764  -56.743  -56.741  -56.741  -56.718
  -56.717  -56.714  -52.225  -24.142  -24.142  -24.103  -16.027  -16.026  -15.420  -15.140
  -14.978  -14.977   -3.822   -3.071   -3.066   -2.507   -2.506   -2.281   -2.170   -2.168
   -2.063   -1.526   -1.515   -1.281   -0.800   -0.799   -0.454    0.248    0.902    0.904
    1.002    1.172    1.254    1.255    1.607    1.736    1.739    1.920    1.922    3.659
    3.700    3.904    3.940    4.213    4.299    4.448    4.559    6.760    7.454    8.141
    9.339   10.265   10.803   11.012
            0.430556  0.408956  0.000000
  -93.520  -93.519  -93.517  -56.783  -56.765  -56.764  -56.743  -56.741  -56.741  -56.718
  -56.717  -56.714  -52.225  -24.142  -24.142  -24.103  -16.014  -16.013  -15.466  -15.118
  -14.980  -14.979   -3.776   -3.095   -3.091   -2.498   -2.497   -2.313   -2.164   -2.163
   -2.067   -1.555   -1.544   -1.290   -0.748   -0.748   -0.469    0.267    0.874    0.877
    1.040    1.205    1.267    1.267    1.617    1.711    1.714    1.904    1.906    3.639
    3.677    3.901    3.964    4.266    4.334    4.479    4.553    6.489    7.483    8.178
    9.675   10.015   10.839   11.046
            0.416667  0.433013  0.000000
  -93.520  -93.519  -93.517  -56.782  -56.766  -56.765  -56.743  -56.741  -56.740  -56.718
  -56.717  -56.714  -52.225  -24.142  -24.142  -24.103  -15.998  -15.997  -15.514  -15.097
  -14.983  -14.982   -3.723   -3.123   -3.119   -2.487   -2.486   -2.345   -2.161   -2.159
   -2.072   -1.578   -1.567   -1.308   -0.697   -0.696   -0.485    0.296    0.844    0.846
    1.081    1.242    1.281    1.281    1.630    1.682    1.684    1.886    1.888    3.624
    3.658    3.875    4.012    4.319    4.370    4.516    4.546    6.226    7.517    8.222
    9.769   10.022   10.885   11.088
            0.402778  0.457069  0.000000
  -93.520  -93.519  -93.517  -56.781  -56.767  -56.766  -56.743  -56.740  -56.740  -56.718
  -56.717  -56.714  -52.225  -24.142  -24.142  -24.103  -15.980  -15.979  -15.566  -15.079
  -14.986  -14.985   -3.662   -3.154   -3.151   -2.476   -2.474   -2.376   -2.159   -2.158
   -2.079   -1.595   -1.583   -1.335   -0.649   -0.648   -0.500    0.336    0.811    0.813
    1.123    1.283    1.293    1.293    1.645    1.649    1.650    1.866    1.868    3.614
    3.646    3.844    4.068    4.369    4.403    4.539    4.562    5.972    7.556    8.275
    9.541   10.360   10.944   11.138
            0.388889  0.481125  0.000000
  -93.519  -93.519  -93.517  -56.779  -56.768  -56.767  -56.742  -56.740  -56.740  -56.718
  -56.717  -56.714  -52.225  -24.142  -24.142  -24.103  -15.959  -15.958  -15.619  -15.062
  -14.990  -14.989   -3.596   -3.187   -3.184   -2.464   -2.462   -2.403   -2.159   -2.158
   -2.089   -1.603   -1.592   -1.370   -0.606   -0.605   -0.513    0.386    0.777    0.779
    1.163    1.304    1.304    1.326    1.614    1.615    1.664    1.844    1.847    3.611
    3.640    3.809    4.131    4.413    4.433    4.530    4.617    5.728    7.599    8.336
    9.325   10.679   11.032   11.196
            0.375000  0.505181  0.000000
  -93.519  -93.519  -93.517  -56.778  -56.769  -56.768  -56.742  -56.740  -56.740  -56.718
  -56.717  -56.714  -52.225  -24.142  -24.142  -24.103  -15.935  -15.934  -15.675  -15.046
  -14.994  -14.993   -3.526   -3.220   -3.218   -2.454   -2.451   -2.425   -2.160   -2.160
   -2.100   -1.603   -1.592   -1.413   -0.571   -0.570   -0.523    0.444    0.742    0.745
    1.201    1.312    1.312    1.370    1.580    1.581    1.685    1.822    1.824    3.613
    3.639    3.773    4.197    4.448    4.458    4.522    4.684    5.496    7.643    8.405
    9.124   10.910   11.209   11.263
            0.361111  0.529238  0.000000
  -93.519  -93.519  -93.518  -56.776  -56.770  -56.770  -56.741  -56.740  -56.740  -56.718
  -56.717  -56.714  -52.225  -24.142  -24.142  -24.103  -15.910  -15.909  -15.733  -15.033
  -14.998  -14.998   -3.454   -3.254   -3.252   -2.446   -2.443   -2.439   -2.161   -2.160
   -2.114   -1.595   -1.584   -1.459   -0.545   -0.545   -0.529    0.508    0.707    0.710
    1.237    1.315    1.315    1.414    1.548    1.549    1.709    1.800    1.802    3.620
    3.645    3.735    4.264    4.473    4.478    4.513    4.763    5.282    7.684    8.483
    8.941   11.027   11.337   11.477
            0.347222  0.553294  0.000000
  -93.519  -93.519  -93.518  -56.774  -56.771  -56.771  -56.741  -56.740  -56.740  -56.718
  -56.717  -56.714  -52.225  -24.142  -24.142  -24.103  -15.882  -15.881  -15.792  -15.020
  -15.003  -15.003   -3.385   -3.288   -3.286   -2.446   -2.440   -2.438   -2.158   -2.158
   -2.131   -1.581   -1.570   -1.508   -0.531   -0.531   -0.529    0.575    0.673    0.676
    1.270    1.311    1.311    1.458    1.521    1.522    1.736    1.780    1.782    3.631
    3.655    3.699    4.322    4.489    4.490    4.505    4.853    5.093    7.717    8.569
    8.784   11.100   11.419   11.604
            0.333333  0.577350  0.000000
  -93.519  -93.519  -93.518  -56.772  -56.772  -56.772  -56.741  -56.740  -56.740  -56.718
  -56.718  -56.714  -52.225  -24.142  -24.142  -24.103  -15.853  -15.852  -15.852  -15.009
  -15.008  -15.008   -3.320   -3.318   -3.318   -2.444   -2.439   -2.439   -2.151   -2.151
   -2.150   -1.565   -1.550   -1.550   -0.528   -0.528   -0.526    0.640    0.640    0.645
    1.300    1.300    1.300    1.499    1.499    1.500    1.762    1.765    1.765    3.640
    3.670    3.670    4.350    4.497    4.497    4.497    4.952    4.952    7.731    8.663
    8.663   11.134   11.507   11.507
            0.320000  0.554256  0.000000
  -93.519  -93.519  -93.518  -56.773  -56.773  -56.770  -56.741  -56.741  -56.740  -56.718
  -56.717  -56.714  -52.225  -24.142  -24.142  -24.103  -15.911  -15.823  -15.822  -15.014
  -15.014  -14.998   -3.349   -3.348   -3.262   -2.450   -2.446   -2.429   -2.172   -2.138
   -2.137   -1.594   -1.536   -1.527   -0.537   -0.535   -0.518    0.608    0.612    0.703
    1.284    1.284    1.326    1.480    1.481    1.537    1.752    1.754    1.792    3.623
    3.673    3.687    4.315    4.490    4.497    4.497    4.896    5.057    7.715    8.593
    8.762   11.087   11.463   11.592
            0.306667  0.531162  0.000000
  -93.519  -93.519  -93.518  -56.774  -56.774  -56.768  -56.741  -56.741  -56.740  -56.718
  -56.717  -56.714  -52.225  -24.142  -24.142  -24.103  -15.970  -15.791  -15.790  -15.020
  -15.019  -14.989   -3.375   -3.374   -3.213   -2.462   -2.458   -2.413   -2.196   -2.119
   -2.118   -1.621   -1.510   -1.501   -0.557   -0.556   -0.504    0.577    0.581    0.759
    1.266    1.266    1.349    1.460    1.460    1.571    1.748    1.750    1.822    3.597
    3.693    3.707    4.214    4.485    4.490    4.490    4.925    5.169    7.663    8.573
    8.869   10.963   11.491   11.629
            0.293333  0.508068  0.000000
  -93.520  -93.519  -93.517  -56.775  -56.775  -56.765  -56.742  -56.742  -56.739  -56.718
  -56.717  -56.714  -52.225  -24.142  -24.142  -24.103  -16.030  -15.759  -15.758  -15.025
  -15.025  -14.981   -3.399   -3.398   -3.172   -2.479   -2.475   -2.398   -2.222   -2.095
   -2.093   -1.630   -1.482   -1.473   -0.589   -0.587   -0.485    0.546    0.550    0.809
    1.249    1.249    1.368    1.435    1.436    1.602    1.751    1.753    1.852    3.574
    3.715    3.729    4.080    4.477    4.477    4.481    5.006    5.290    7.579    8.601
    8.984   10.809   11.518   11.539
            0.280000  0.484974  0.000000
  -93.520  -93.519  -93.517  -56.775  -56.775  -56.763  -56.742  -56.742  -56.738  -56.718
  -56.717  -56.714  -52.225  -24.142  -24.142  -24.103  -16.089  -15.725  -15.724  -15.031
  -15.031  -14.974   -3.419   -3.419   -3.138   -2.499   -2.495   -2.391   -2.250   -2.066
   -2.064   -1.614   -1.452   -1.444   -0.630   -0.629   -0.460    0.514    0.518    0.852
    1.236    1.236    1.383    1.405    1.406    1.628    1.762    1.764    1.882    3.554
    3.738    3.753    3.941    4.457    4.458    4.479    5.116    5.419    7.474    8.664
    9.106   10.648   11.365   11.569
            0.266667  0.461880  0.000000
  -93.520  -93.519  -93.517  -56.776  -56.776  -56.761  -56.743  -56.743  -56.738  -56.719
  -56.717  -56.714  -52.225  -24.142  -24.142  -24.103  -16.148  -15.691  -15.690  -15.038
  -15.037  -14.967   -3.436   -3.436   -3.110   -2.522   -2.518   -2.398   -2.279   -2.034
   -2.032   -1.570   -1.422   -1.414   -0.681   -0.679   -0.429    0.480    0.484    0.886
    1.227    1.227    1.371    1.371    1.392    1.648    1.777    1.779    1.913    3.528
    3.757    3.777    3.820    4.433    4.434    4.479    5.244    5.556    7.359    8.754
    9.237   10.486   11.213   11.555
            0.253333  0.438786  0.000000
  -93.520  -93.519  -93.517  -56.777  -56.777  -56.759  -56.744  -56.744  -56.737  -56.719
  -56.717  -56.714  -52.225  -24.142  -24.142  -24.103  -16.206  -15.656  -15.655  -15.044
  -15.044  -14.961   -3.449   -3.449   -3.086   -2.547   -2.542   -2.419   -2.310   -1.999
   -1.997   -1.498   -1.391   -1.383   -0.740   -0.738   -0.394    0.444    0.448    0.913
    1.224    1.224    1.333    1.333    1.394    1.664    1.796    1.798    1.942    3.475
    3.720    3.796    3.801    4.405    4.406    4.481    5.385    5.702    7.240    8.862
    9.375   10.326   11.065   11.491
            0.240000  0.415692  0.000000
  -93.520  -93.518  -93.517  -56.777  -56.777  -56.756  -56.745  -56.745  -56.737  -56.719
  -56.716  -56.714  -52.225  -24.142  -24.142  -24.103  -16.263  -15.621  -15.620  -15.050
  -15.050  -14.955   -3.458   -3.457   -3.064   -2.573   -2.568   -2.452   -2.341   -1.962
   -1.960   -1.403   -1.359   -1.352   -0.804   -0.802   -0.353    0.406    0.410    0.931
    1.225    1.225    1.293    1.294    1.389    1.673    1.817    1.819    1.970    3.381
    3.698    3.817    3.824    4.374    4.375    4.485    5.537    5.855    7.121    8.986
    9.521   10.169   10.925   11.396
            0.226667  0.392598  0.000000
  -93.520  -93.518  -93.517  -56.778  -56.778  -56.754  -56.746  -56.746  -56.736  -56.719
  -56.716  -56.714  -52.225  -24.142  -24.142  -24.103  -16.318  -15.585  -15.585  -15.057
  -15.057  -14.950   -3.461   -3.461   -3.043   -2.600   -2.595   -2.494   -2.373   -1.924
   -1.922   -1.330   -1.322   -1.288   -0.873   -0.870   -0.308    0.365    0.369    0.942
    1.223    1.224    1.261    1.261    1.377    1.676    1.838    1.840    1.994    3.265
    3.714    3.840    3.847    4.340    4.340    4.491    5.699    6.016    7.005    9.122
    9.676   10.016   10.792   11.286
            0.213333  0.369504  0.000000
  -93.521  -93.518  -93.517  -56.778  -56.778  -56.752  -56.747  -56.747  -56.736  -56.720
  -56.716  -56.714  -52.225  -24.142  -24.142  -24.103  -16.372  -15.550  -15.550  -15.063
  -15.063  -14.946   -3.461   -3.460   -3.022   -2.627   -2.622   -2.542   -2.405   -1.887
   -1.885   -1.301   -1.293   -1.162   -0.942   -0.939   -0.259    0.322    0.325    0.945
    1.193    1.194    1.261    1.261    1.360    1.673    1.859    1.860    2.014    3.145
    3.753    3.861    3.868    4.304    4.304    4.500    5.870    6.184    6.893    9.270
    9.838    9.867   10.667   11.172
            0.200000  0.346410  0.000000
  -93.521  -93.518  -93.517  -56.778  -56.778  -56.750  -56.748  -56.748  -56.735  -56.720
  -56.716  -56.714  -52.225  -24.142  -24.142  -24.103  -16.424  -15.515  -15.515  -15.070
  -15.070  -14.942   -3.455   -3.454   -3.001   -2.655   -2.650   -2.592   -2.437   -1.853
   -1.850   -1.275   -1.268   -1.026   -1.008   -1.005   -0.206    0.275    0.278    0.940
    1.150    1.151    1.278    1.278    1.339    1.663    1.879    1.880    2.029    3.029
    3.806    3.881    3.887    4.267    4.267    4.510    6.049    6.361    6.786    9.427
    9.724   10.007   10.549   11.058
            0.186667  0.323316  0.000000
  -93.521  -93.518  -93.517  -56.779  -56.779  -56.749  -56.749  -56.747  -56.735  -56.720
  -56.716  -56.713  -52.225  -24.142  -24.142  -24.103  -16.474  -15.481  -15.481  -15.076
  -15.076  -14.938   -3.444   -3.443   -2.979   -2.682   -2.678   -2.642   -2.468   -1.823
   -1.820   -1.257   -1.251   -1.065   -1.061   -0.883   -0.149    0.226    0.228    0.928
    1.106    1.107    1.302    1.302    1.315    1.647    1.896    1.897    2.039    2.919
    3.870    3.899    3.904    4.230    4.231    4.523    6.236    6.545    6.684    9.585
    9.594   10.184   10.441   10.947
            0.173333  0.300222  0.000000
  -93.521  -93.518  -93.517  -56.779  -56.779  -56.750  -56.750  -56.745  -56.734  -56.721
  -56.716  -56.713  -52.225  -24.142  -24.142  -24.103  -16.522  -15.448  -15.448  -15.083
  -15.083  -14.935   -3.428   -3.427   -2.956   -2.709   -2.705   -2.693   -2.498   -1.802
   -1.798   -1.253   -1.249   -1.099   -1.094   -0.737   -0.089    0.175    0.176    0.908
    1.062    1.063    1.292    1.330    1.330    1.625    1.911    1.911    2.043    2.818
    3.914    3.919    3.943    4.194    4.195    4.537    6.431    6.589    6.737    9.452
    9.770   10.320   10.388   10.842
            0.160000  0.277128  0.000000
  -93.521  -93.518  -93.517  -56.779  -56.778  -56.752  -56.752  -56.743  -56.734  -56.721
  -56.715  -56.713  -52.225  -24.142  -24.142  -24.103  -16.567  -15.416  -15.415  -15.089
  -15.089  -14.932   -3.406   -3.406   -2.932   -2.741   -2.736   -2.732   -2.527   -1.795
   -1.791   -1.266   -1.263   -1.103   -1.098   -0.590   -0.027    0.121    0.122    0.881
    1.019    1.020    1.269    1.361    1.361    1.597    1.922    1.923    2.042    2.726
    3.927    3.932    4.020    4.159    4.160    4.552    6.499    6.634    6.936    9.325
    9.954   10.239   10.568   10.742
            0.146667  0.254034  0.000000
  -93.521  -93.518  -93.517  -56.778  -56.778  -56.753  -56.753  -56.741  -56.733  -56.721
  -56.715  -56.713  -52.225  -24.142  -24.142  -24.103  -16.609  -15.385  -15.385  -15.095
  -15.095  -14.930   -3.380   -3.379   -2.908   -2.787   -2.762   -2.757   -2.554   -1.808
   -1.804   -1.278   -1.275   -1.089   -1.084   -0.442    0.039    0.065    0.066    0.847
    0.977    0.978    1.248    1.395    1.395    1.564    1.931    1.931    2.034    2.643
    3.937    3.942    4.101    4.126    4.128    4.569    6.416    6.844    7.142    9.205
   10.147   10.154   10.649   10.767
            0.133333  0.230940  0.000000
  -93.522  -93.518  -93.517  -56.778  -56.778  -56.754  -56.754  -56.740  -56.733  -56.721
  -56.715  -56.713  -52.225  -24.142  -24.142  -24.103  -16.648  -15.355  -15.355  -15.101
  -15.101  -14.927   -3.348   -3.348   -2.885   -2.828   -2.786   -2.782   -2.580   -1.844
   -1.840   -1.276   -1.274   -1.068   -1.063   -0.297    0.007    0.007    0.106    0.808
    0.938    0.938    1.229    1.431    1.431    1.524    1.936    1.936    2.021    2.569
    3.945    3.950    4.095    4.097    4.183    4.585    6.338    7.060    7.354    9.092
   10.076   10.346   10.564   10.974
            0.120000  0.207846  0.000000
  -93.522  -93.518  -93.516  -56.778  -56.777  -56.756  -56.756  -56.738  -56.732  -56.722
  -56.715  -56.713  -52.225  -24.142  -24.142  -24.103  -16.684  -15.328  -15.328  -15.107
  -15.107  -14.925   -3.312   -3.311   -2.883   -2.845   -2.809   -2.805   -2.604   -1.899
   -1.895   -1.257   -1.255   -1.044   -1.039   -0.155   -0.052   -0.052    0.175    0.767
    0.900    0.901    1.212    1.469    1.469    1.481    1.937    1.938    2.004    2.504
    3.950    3.955    4.067    4.070    4.265    4.602    6.268    7.283    7.573    8.988
   10.007   10.474   10.564   11.187
            0.106667  0.184752  0.000000
  -93.522  -93.518  -93.516  -56.777  -56.777  -56.757  -56.757  -56.737  -56.732  -56.722
  -56.715  -56.713  -52.225  -24.142  -24.142  -24.103  -16.716  -15.302  -15.302  -15.113
  -15.113  -14.924   -3.271   -3.270   -2.914   -2.831   -2.827   -2.826   -2.626   -1.968
   -1.963   -1.225   -1.223   -1.021   -1.016   -0.113   -0.112   -0.018    0.245    0.724
    0.866    0.867    1.195    1.432    1.508    1.508    1.935    1.935    1.983    2.449
    3.954    3.959    4.042    4.045    4.343    4.619    6.204    7.511    7.796    8.892
    9.947   10.407   10.773   11.406
            0.093333  0.161658  0.000000
  -93.522  -93.518  -93.516  -56.776  -56.776  -56.759  -56.759  -56.735  -56.732  -56.722
  -56.715  -56.713  -52.225  -24.142  -24.142  -24.103  -16.745  -15.278  -15.278  -15.119
  -15.119  -14.922   -3.226   -3.225   -2.946   -2.850   -2.846   -2.804   -2.645   -2.045
   -2.040   -1.184   -1.182   -0.998   -0.993   -0.175   -0.173    0.112    0.316    0.683
    0.835    0.835    1.177    1.381    1.547    1.547    1.929    1.930    1.959    2.401
    3.955    3.961    4.021    4.024    4.417    4.634    6.147    7.744    8.024    8.805
    9.897   10.342   10.993   11.629
            0.080000  0.138564  0.000000
  -93.522  -93.517  -93.516  -56.776  -56.776  -56.760  -56.760  -56.734  -56.731  -56.722
  -56.715  -56.712  -52.225  -24.142  -24.142  -24.103  -16.771  -15.256  -15.256  -15.124
  -15.124  -14.921   -3.177   -3.175   -2.975   -2.868   -2.864   -2.782   -2.663   -2.125
   -2.121   -1.137   -1.136   -0.977   -0.972   -0.236   -0.233    0.232    0.388    0.645
    0.807    0.808    1.159    1.326    1.586    1.586    1.920    1.920    1.935    2.360
    3.956    3.961    4.003    4.007    4.485    4.649    6.097    7.979    8.252    8.731
    9.857   10.283   11.217   11.667
            0.066667  0.115470  0.000000
  -93.522  -93.517  -93.516  -56.775  -56.775  -56.762  -56.762  -56.733  -56.731  -56.722
  -56.715  -56.712  -52.225  -24.142  -24.142  -24.103  -16.792  -15.236  -15.236  -15.130
  -15.130  -14.920   -3.125   -3.123   -3.000   -2.883   -2.879   -2.762   -2.677   -2.207
   -2.202   -1.087   -1.087   -0.958   -0.954   -0.297   -0.293    0.340    0.458    0.614
    0.783    0.783    1.140    1.269    1.624    1.624    1.907    1.907    1.912    2.326
    3.955    3.960    3.988    3.992    4.545    4.661    6.054    8.213    8.478    8.671
    9.830   10.229   11.396   11.439
            0.053333  0.092376  0.000000
  -93.522  -93.517  -93.516  -56.774  -56.774  -56.763  -56.763  -56.732  -56.731  -56.722
  -56.715  -56.712  -52.225  -24.142  -24.142  -24.103  -16.810  -15.219  -15.219  -15.137
  -15.136  -14.920   -3.071   -3.070   -3.020   -2.896   -2.892   -2.745   -2.690   -2.286
   -2.281   -1.038   -1.037   -0.942   -0.938   -0.355   -0.350    0.427    0.527    0.597
    0.763    0.763    1.119    1.211    1.662    1.662    1.890    1.891    1.892    2.298
    3.953    3.958    3.976    3.980    4.596    4.672    6.018    8.424    8.644    8.695
    9.820   10.179   11.134   11.633
            0.040000  0.069282  0.000000
  -93.522  -93.517  -93.516  -56.773  -56.773  -56.765  -56.765  -56.732  -56.731  -56.723
  -56.715  -56.712  -52.225  -24.142  -24.142  -24.103  -16.824  -15.203  -15.203  -15.143
  -15.143  -14.919   -3.037   -3.019   -3.016   -2.906   -2.902   -2.731   -2.699   -2.360
   -2.354   -0.991   -0.990   -0.929   -0.925   -0.408   -0.402    0.476    0.591    0.611
    0.747    0.747    1.097    1.155    1.698    1.698    1.871    1.871    1.874    2.276
    3.952    3.956    3.968    3.971    4.638    4.681    5.989    8.509    8.750    8.891
    9.833   10.127   10.890   11.345
            0.026667  0.046188  0.000000
  -93.522  -93.517  -93.516  -56.771  -56.771  -56.766  -56.766  -56.731  -56.731  -56.723
  -56.715  -56.712  -52.225  -24.142  -24.142  -24.103  -16.834  -15.190  -15.189  -15.150
  -15.150  -14.919   -3.048   -2.972   -2.969   -2.913   -2.909   -2.720   -2.706   -2.423
   -2.416   -0.951   -0.949   -0.919   -0.916   -0.453   -0.446    0.484    0.648    0.653
    0.735    0.735    1.075    1.104    1.732    1.732    1.849    1.849    1.861    2.259
    3.952    3.954    3.962    3.964    4.668    4.688    5.969    8.499    8.944    9.048
    9.873   10.067   10.689   11.088
            0.013333  0.023094  0.000000
  -93.522  -93.517  -93.516  -56.770  -56.770  -56.768  -56.768  -56.731  -56.731  -56.723
  -56.715  -56.712  -52.225  -24.142  -24.142  -24.103  -16.840  -15.178  -15.178  -15.158
  -15.158  -14.918   -3.055   -2.937   -2.934   -2.917   -2.914   -2.714   -2.710   -2.467
   -2.460   -0.922   -0.919   -0.913   -0.910   -0.485   -0.476    0.481    0.690    0.692
    0.728    0.728    1.058    1.066    1.765    1.765    1.823    1.823    1.853    2.249
    3.952    3.953    3.958    3.959    4.687    4.692    5.957    8.485    9.111    9.147
    9.933   10.000   10.556   10.893
            0.000000  0.000000  0.000000
  -93.522  -93.517  -93.516  -56.769  -56.769  -56.769  -56.769  -56.731  -56.731  -56.723
  -56.714  -56.712  -52.225  -24.142  -24.142  -24.103  -16.842  -15.167  -15.167  -15.167
  -15.167  -14.918   -3.057   -2.922   -2.922   -2.918   -2.918   -2.712   -2.712   -2.484
   -2.477   -0.912   -0.912   -0.908   -0.908   -0.496   -0.488    0.480    0.706    0.706
    0.726    0.726    1.051    1.051    1.794    1.794    1.796    1.796    1.851    2.246
    3.952    3.952    3.957    3.957    4.693    4.693    5.952    8.480    9.180    9.180
    9.965    9.965   10.511   10.816
