 &plot nbnd=  64, nks=    60 /
            0.000000  0.000000  0.000000
  -92.723  -92.718  -92.715  -56.043  -56.043  -56.041  -56.041  -56.002  -56.002  -55.839
  -55.831  -55.828  -52.228  -24.146  -24.146  -24.106  -16.728  -15.042  -15.042  -15.042
  -15.042  -14.795   -2.740   -2.740   -2.736   -2.736   -2.705   -2.455   -2.455   -2.380
   -2.372   -0.606   -0.606   -0.602   -0.602   -0.410   -0.401    0.663    1.138    1.138
    1.399    1.399    1.778    1.779    1.936    2.465    2.465    2.466    2.466    2.976
    4.302    4.302    4.308    4.308    5.034    5.034    5.954    8.547    9.148    9.148
    9.865    9.865   10.457   10.668
            0.022727  0.013122  0.000000
  -92.723  -92.718  -92.715  -56.044  -56.044  -56.041  -56.041  -56.002  -56.002  -55.839
  -55.831  -55.828  -52.228  -24.146  -24.146  -24.106  -16.726  -15.053  -15.051  -15.033
  -15.032  -14.795   -2.759   -2.748   -2.742   -2.733   -2.702   -2.457   -2.454   -2.361
   -2.354   -0.628   -0.625   -0.608   -0.603   -0.386   -0.378    0.666    1.108    1.115
    1.421    1.421    1.779    1.781    1.940    2.439    2.440    2.488    2.489    2.976
    4.301    4.302    4.309    4.310    5.028    5.033    5.958    8.551    9.076    9.115
    9.829    9.906   10.500   10.748
            0.045455  0.026243  0.000000
  -92.723  -92.718  -92.715  -56.045  -56.045  -56.039  -56.039  -56.003  -56.002  -55.839
  -55.831  -55.828  -52.228  -24.146  -24.146  -24.106  -16.720  -15.067  -15.061  -15.028
  -15.022  -14.795   -2.804   -2.778   -2.743   -2.725   -2.695   -2.464   -2.450   -2.315
   -2.303   -0.679   -0.674   -0.614   -0.607   -0.332   -0.326    0.676    1.036    1.060
    1.468    1.473    1.784    1.786    1.952    2.410    2.413    2.507    2.511    2.979
    4.299    4.304    4.313    4.316    5.009    5.028    5.971    8.560    8.900    9.031
    9.737   10.013   10.619   10.948
            0.068182  0.039365  0.000000
  -92.723  -92.718  -92.715  -56.046  -56.046  -56.038  -56.038  -56.003  -56.003  -55.839
  -55.831  -55.828  -52.228  -24.146  -24.146  -24.106  -16.711  -15.084  -15.070  -15.024
  -15.012  -14.795   -2.865   -2.815   -2.742   -2.714   -2.684   -2.475   -2.444   -2.257
   -2.229   -0.740   -0.732   -0.623   -0.612   -0.270   -0.261    0.690    0.943    0.994
    1.522    1.537    1.790    1.794    1.973    2.379    2.384    2.522    2.531    2.983
    4.297    4.310    4.318    4.324    4.980    5.021    5.991    8.532    8.713    8.923
    9.619   10.159   10.778   11.217
            0.090909  0.052486  0.000000
  -92.723  -92.718  -92.715  -56.047  -56.047  -56.037  -56.036  -56.004  -56.003  -55.839
  -55.831  -55.828  -52.228  -24.146  -24.146  -24.106  -16.697  -15.104  -15.079  -15.023
  -15.002  -14.796   -2.933   -2.850   -2.741   -2.701   -2.669   -2.490   -2.435   -2.194
   -2.141   -0.803   -0.789   -0.637   -0.619   -0.206   -0.191    0.702    0.837    0.930
    1.573    1.604    1.799    1.808    2.001    2.346    2.353    2.532    2.549    2.988
    4.296    4.320    4.323    4.332    4.940    5.012    6.020    8.336    8.680    8.807
    9.494   10.328   10.956   11.525
            0.113636  0.065608  0.000000
  -92.723  -92.718  -92.715  -56.049  -56.048  -56.035  -56.035  -56.005  -56.003  -55.839
  -55.831  -55.828  -52.228  -24.146  -24.146  -24.106  -16.680  -15.128  -15.088  -15.023
  -14.992  -14.796   -3.004   -2.880   -2.738   -2.685   -2.649   -2.508   -2.424   -2.131
   -2.042   -0.868   -0.845   -0.654   -0.628   -0.142   -0.117    0.699    0.721    0.883
    1.621    1.672    1.808    1.825    2.037    2.312    2.321    2.538    2.566    2.994
    4.296    4.328    4.335    4.340    4.890    4.999    6.056    8.070    8.689    8.716
    9.371   10.514   11.145   11.424
            0.136364  0.078730  0.000000
  -92.722  -92.718  -92.715  -56.050  -56.048  -56.034  -56.033  -56.006  -56.003  -55.839
  -55.831  -55.828  -52.228  -24.146  -24.146  -24.106  -16.658  -15.154  -15.096  -15.025
  -14.982  -14.797   -3.075   -2.904   -2.735   -2.666   -2.625   -2.529   -2.411   -2.070
   -1.937   -0.934   -0.896   -0.676   -0.637   -0.081   -0.041    0.599    0.660    0.875
    1.663    1.740    1.818    1.847    2.081    2.278    2.288    2.539    2.580    3.000
    4.296    4.334    4.344    4.357    4.834    4.983    6.098    7.792    8.575    8.766
    9.257   10.710   11.177   11.340
            0.159091  0.091851  0.000000
  -92.722  -92.718  -92.715  -56.051  -56.049  -56.032  -56.031  -56.007  -56.003  -55.839
  -55.831  -55.828  -52.228  -24.146  -24.146  -24.106  -16.634  -15.184  -15.104  -15.028
  -14.972  -14.798   -3.146   -2.919   -2.733   -2.644   -2.597   -2.552   -2.396   -2.013
   -1.827   -0.999   -0.942   -0.701   -0.647   -0.021    0.037    0.470    0.592    0.900
    1.701    1.806    1.828    1.874    2.133    2.245    2.254    2.535    2.593    3.005
    4.296    4.340    4.349    4.383    4.771    4.965    6.148    7.513    8.465    8.816
    9.161   10.889   10.954   11.538
            0.181818  0.104973  0.000000
  -92.722  -92.718  -92.715  -56.052  -56.049  -56.031  -56.030  -56.008  -56.004  -55.839
  -55.831  -55.828  -52.228  -24.146  -24.146  -24.106  -16.605  -15.217  -15.112  -15.033
  -14.962  -14.800   -3.214   -2.925   -2.731   -2.619   -2.577   -2.566   -2.379   -1.960
   -1.713   -1.064   -0.982   -0.730   -0.657    0.035    0.117    0.337    0.512    0.938
    1.735    1.839    1.870    1.906    2.192    2.212    2.219    2.526    2.603    3.010
    4.298    4.346    4.351    4.414    4.704    4.943    6.204    7.237    8.361    8.839
    9.109   10.668   11.142   11.738
            0.204545  0.118094  0.000000
  -92.722  -92.718  -92.715  -56.053  -56.049  -56.030  -56.028  -56.010  -56.004  -55.838
  -55.831  -55.828  -52.228  -24.146  -24.146  -24.106  -16.574  -15.254  -15.119  -15.038
  -14.952  -14.801   -3.280   -2.923   -2.730   -2.603   -2.590   -2.530   -2.360   -1.913
   -1.598   -1.128   -1.014   -0.763   -0.665    0.087    0.197    0.201    0.426    0.983
    1.764    1.848    1.931    1.941    2.181    2.184    2.258    2.513    2.611    3.015
    4.300    4.350    4.352    4.449    4.634    4.919    6.267    6.965    8.262    8.804
    9.131   10.421   11.368   11.933
            0.227273  0.131216  0.000000
  -92.722  -92.718  -92.715  -56.054  -56.049  -56.028  -56.027  -56.011  -56.005  -55.838
  -55.832  -55.828  -52.228  -24.146  -24.146  -24.106  -16.539  -15.293  -15.126  -15.044
  -14.942  -14.803   -3.342   -2.912   -2.730   -2.628   -2.559   -2.492   -2.340   -1.872
   -1.484   -1.193   -1.038   -0.798   -0.672    0.063    0.136    0.278    0.337    1.031
    1.790    1.856    1.980    1.990    2.149    2.153    2.331    2.496    2.618    3.018
    4.303    4.345    4.358    4.488    4.562    4.893    6.336    6.698    8.171    8.733
    9.205   10.178   11.602   11.845
            0.250000  0.144338  0.000000
  -92.722  -92.718  -92.715  -56.055  -56.049  -56.027  -56.025  -56.013  -56.005  -55.838
  -55.832  -55.828  -52.228  -24.146  -24.146  -24.106  -16.501  -15.335  -15.132  -15.051
  -14.933  -14.804   -3.401   -2.893   -2.732   -2.654   -2.526   -2.450   -2.319   -1.837
   -1.372   -1.257   -1.053   -0.837   -0.675   -0.076    0.181    0.248    0.361    1.078
    1.813    1.863    2.019    2.047    2.114    2.131    2.409    2.476    2.622    3.021
    4.307    4.338    4.363    4.492    4.531    4.864    6.411    6.438    8.086    8.653
    9.304    9.942   11.761   11.844
            0.272727  0.157459  0.000000
  -92.722  -92.718  -92.715  -56.056  -56.048  -56.026  -56.024  -56.015  -56.006  -55.838
  -55.832  -55.829  -52.228  -24.146  -24.146  -24.106  -16.460  -15.381  -15.138  -15.058
  -14.924  -14.807   -3.456   -2.864   -2.735   -2.678   -2.489   -2.407   -2.298   -1.810
   -1.320   -1.266   -1.059   -0.878   -0.674   -0.215    0.157    0.221    0.443    1.124
    1.832    1.867    2.047    2.081    2.101    2.126    2.453    2.492    2.623    3.024
    4.311    4.326    4.369    4.424    4.575    4.833    6.184    6.492    8.008    8.576
    9.415    9.712   11.684   11.857
            0.295455  0.170581  0.000000
  -92.722  -92.718  -92.715  -56.056  -56.048  -56.024  -56.022  -56.017  -56.006  -55.837
  -55.832  -55.829  -52.228  -24.146  -24.146  -24.106  -16.416  -15.428  -15.144  -15.064
  -14.914  -14.809   -3.506   -2.828   -2.741   -2.701   -2.450   -2.361   -2.275   -1.790
   -1.383   -1.169   -1.056   -0.921   -0.665   -0.351    0.067    0.258    0.525    1.165
    1.850    1.869    2.048    2.049    2.152    2.154    2.429    2.577    2.622    3.030
    4.312    4.317    4.359    4.374    4.621    4.801    5.938    6.579    7.937    8.503
    9.490    9.537   11.613   11.778
            0.318182  0.183702  0.000000
  -92.721  -92.719  -92.715  -56.057  -56.047  -56.023  -56.021  -56.018  -56.007  -55.837
  -55.832  -55.829  -52.228  -24.146  -24.146  -24.106  -16.369  -15.478  -15.149  -15.071
  -14.906  -14.812   -3.552   -2.785   -2.747   -2.722   -2.409   -2.316   -2.251   -1.777
   -1.445   -1.087   -1.045   -0.964   -0.645   -0.485   -0.022    0.290    0.607    1.202
    1.865    1.868    2.019    2.034    2.200    2.202    2.405    2.618    2.659    3.043
    4.291    4.303    4.323    4.378    4.666    4.767    5.700    6.672    7.874    8.437
    9.275    9.666   11.550   11.706
            0.340909  0.196824  0.000000
  -92.721  -92.719  -92.716  -56.058  -56.046  -56.022  -56.022  -56.019  -56.008  -55.837
  -55.832  -55.829  -52.228  -24.146  -24.146  -24.106  -16.320  -15.531  -15.153  -15.077
  -14.897  -14.815   -3.593   -2.755   -2.741   -2.734   -2.366   -2.277   -2.223   -1.772
   -1.507   -1.024   -1.023   -1.008   -0.614   -0.611   -0.111    0.318    0.688    1.231
    1.864    1.878    1.991    2.018    2.246    2.256    2.381    2.612    2.726    3.073
    4.247    4.275    4.331    4.382    4.711    4.732    5.471    6.771    7.818    8.378
    9.069    9.801   11.493   11.642
            0.363636  0.209946  0.000000
  -92.721  -92.719  -92.716  -56.058  -56.045  -56.023  -56.020  -56.019  -56.008  -55.836
  -55.833  -55.829  -52.228  -24.146  -24.146  -24.106  -16.269  -15.585  -15.157  -15.083
  -14.889  -14.818   -3.629   -2.765   -2.757   -2.678   -2.322   -2.249   -2.186   -1.773
   -1.567   -1.051   -0.995   -0.978   -0.733   -0.566   -0.199    0.342    0.767    1.252
    1.857    1.890    1.967    2.003    2.289    2.313    2.359    2.603    2.769    3.132
    4.203    4.252    4.338    4.386    4.698    4.752    5.251    6.874    7.769    8.326
    8.872    9.943   11.444   11.586
            0.386364  0.223067  0.000000
  -92.721  -92.719  -92.716  -56.059  -56.044  -56.025  -56.019  -56.018  -56.009  -55.836
  -55.833  -55.829  -52.228  -24.147  -24.146  -24.106  -16.216  -15.640  -15.160  -15.088
  -14.881  -14.822   -3.659   -2.775   -2.769   -2.618   -2.276   -2.234   -2.140   -1.781
   -1.626   -1.090   -0.958   -0.951   -0.844   -0.512   -0.285    0.363    0.844    1.263
    1.847    1.900    1.945    1.990    2.329    2.339    2.371    2.591    2.783    3.221
    4.168    4.229    4.344    4.389    4.664    4.790    5.044    6.982    7.727    8.282
    8.686   10.090   11.403   11.538
            0.409091  0.236189  0.000000
  -92.721  -92.719  -92.716  -56.059  -56.042  -56.027  -56.018  -56.017  -56.010  -55.836
  -55.833  -55.829  -52.228  -24.147  -24.146  -24.106  -16.162  -15.697  -15.163  -15.092
  -14.873  -14.826   -3.684   -2.785   -2.778   -2.555   -2.231   -2.229   -2.091   -1.795
   -1.682   -1.125   -0.944   -0.933   -0.914   -0.457   -0.369    0.379    0.917    1.263
    1.836    1.909    1.927    1.978    2.323    2.366    2.429    2.577    2.776    3.332
    4.142    4.204    4.346    4.391    4.630    4.822    4.852    7.092    7.694    8.246
    8.511   10.242   11.368   11.499
            0.431818  0.249310  0.000000
  -92.721  -92.719  -92.716  -56.059  -56.041  -56.029  -56.017  -56.017  -56.011  -55.836
  -55.833  -55.829  -52.228  -24.147  -24.146  -24.106  -16.106  -15.755  -15.165  -15.096
  -14.866  -14.831   -3.704   -2.794   -2.786   -2.491   -2.235   -2.187   -2.042   -1.815
   -1.733   -1.154   -1.026   -0.925   -0.863   -0.451   -0.408    0.392    0.986    1.253
    1.825    1.913    1.918    1.967    2.311    2.401    2.486    2.560    2.754    3.456
    4.125    4.181    4.334    4.393    4.597    4.691    4.849    7.200    7.667    8.218
    8.351   10.398   11.342   11.466
            0.454545  0.262432  0.000000
  -92.720  -92.719  -92.716  -56.060  -56.039  -56.031  -56.016  -56.016  -56.011  -55.835
  -55.833  -55.829  -52.228  -24.147  -24.146  -24.106  -16.048  -15.814  -15.166  -15.098
  -14.859  -14.836   -3.718   -2.799   -2.792   -2.429   -2.251   -2.148   -1.995   -1.841
   -1.778   -1.172   -1.092   -0.921   -0.806   -0.529   -0.370    0.401    1.051    1.231
    1.815    1.902    1.926    1.958    2.302    2.434    2.540    2.541    2.724    3.585
    4.117    4.160    4.285    4.395    4.559    4.592    4.869    7.301    7.648    8.198
    8.214   10.557   11.288   11.323
            0.477273  0.275554  0.000000
  -92.720  -92.719  -92.716  -56.060  -56.037  -56.033  -56.016  -56.015  -56.012  -55.835
  -55.834  -55.829  -52.228  -24.147  -24.146  -24.106  -15.990  -15.873  -15.167  -15.100
  -14.853  -14.841   -3.727   -2.803   -2.796   -2.371   -2.280   -2.119   -1.950   -1.873
   -1.811   -1.179   -1.139   -0.918   -0.744   -0.605   -0.346    0.406    1.108    1.200
    1.809    1.896    1.933    1.949    2.297    2.464    2.517    2.593    2.686    3.700
    4.116    4.142    4.200    4.395    4.527    4.559    4.881    7.380    7.637    8.114
    8.186   10.710   11.123   11.311
            0.500000  0.288675  0.000000
  -92.720  -92.719  -92.716  -56.060  -56.036  -56.035  -56.016  -56.015  -56.013  -55.835
  -55.834  -55.829  -52.228  -24.147  -24.146  -24.106  -15.932  -15.931  -15.168  -15.100
  -14.847  -14.846   -3.729   -2.804   -2.797   -2.321   -2.320   -2.108   -1.911   -1.907
   -1.823   -1.175   -1.161   -0.918   -0.677   -0.676   -0.337    0.408    1.157    1.159
    1.806    1.894    1.940    1.942    2.295    2.490    2.494    2.639    2.645    3.755
    4.119    4.134    4.150    4.395    4.522    4.548    4.885    7.412    7.633    8.075
    8.181   10.805   11.024   11.307
            0.486111  0.312731  0.000000
  -92.720  -92.719  -92.716  -56.060  -56.036  -56.035  -56.016  -56.015  -56.013  -55.835
  -55.834  -55.829  -52.228  -24.147  -24.146  -24.106  -15.931  -15.930  -15.183  -15.087
  -14.847  -14.847   -3.724   -2.807   -2.800   -2.320   -2.319   -2.112   -1.911   -1.907
   -1.824   -1.181   -1.167   -0.917   -0.667   -0.666   -0.338    0.410    1.154    1.157
    1.809    1.896    1.941    1.942    2.297    2.484    2.488    2.640    2.646    3.758
    4.112    4.117    4.174    4.393    4.528    4.554    4.884    7.415    7.493    8.079
    8.329   10.808   11.028   11.073
            0.472222  0.336788  0.000000
  -92.720  -92.719  -92.716  -56.059  -56.037  -56.035  -56.016  -56.014  -56.012  -55.835
  -55.834  -55.829  -52.228  -24.147  -24.146  -24.106  -15.926  -15.925  -15.216  -15.063
  -14.848  -14.847   -3.707   -2.816   -2.810   -2.317   -2.317   -2.124   -1.911   -1.908
   -1.825   -1.196   -1.183   -0.917   -0.640   -0.639   -0.340    0.415    1.146    1.149
    1.818    1.904    1.942    1.944    2.302    2.469    2.472    2.642    2.648    3.767
    4.087    4.113    4.207    4.384    4.546    4.569    4.882    7.235    7.425    8.091
    8.610   10.796   10.820   11.039
            0.458333  0.360844  0.000000
  -92.720  -92.719  -92.716  -56.059  -56.037  -56.036  -56.016  -56.014  -56.012  -55.835
  -55.834  -55.829  -52.228  -24.147  -24.146  -24.106  -15.919  -15.918  -15.255  -15.038
  -14.849  -14.849   -3.680   -2.831   -2.825   -2.313   -2.312   -2.142   -1.912   -1.909
   -1.828   -1.217   -1.203   -0.918   -0.601   -0.599   -0.342    0.426    1.133    1.135
    1.831    1.917    1.944    1.946    2.311    2.444    2.447    2.643    2.649    3.783
    4.065    4.108    4.243    4.369    4.573    4.592    4.878    6.957    7.441    8.111
    8.926   10.526   10.839   11.058
            0.444444  0.384900  0.000000
  -92.720  -92.719  -92.716  -56.058  -56.038  -56.036  -56.016  -56.014  -56.012  -55.835
  -55.834  -55.829  -52.228  -24.147  -24.146  -24.106  -15.908  -15.907  -15.298  -15.013
  -14.851  -14.851   -3.642   -2.851   -2.845   -2.308   -2.307   -2.165   -1.914   -1.911
   -1.831   -1.238   -1.225   -0.923   -0.553   -0.552   -0.345    0.443    1.115    1.117
    1.848    1.934    1.948    1.949    2.324    2.414    2.416    2.644    2.650    3.804
    4.046    4.105    4.284    4.349    4.606    4.622    4.873    6.680    7.464    8.140
    9.256   10.265   10.866   11.084
            0.430556  0.408956  0.000000
  -92.720  -92.719  -92.716  -56.057  -56.039  -56.037  -56.016  -56.014  -56.012  -55.835
  -55.834  -55.829  -52.228  -24.147  -24.146  -24.106  -15.895  -15.894  -15.344  -14.991
  -14.853  -14.853   -3.595   -2.876   -2.871   -2.301   -2.300   -2.191   -1.917   -1.914
   -1.836   -1.256   -1.243   -0.933   -0.503   -0.502   -0.348    0.468    1.092    1.095
    1.867    1.951    1.953    1.956    2.341    2.378    2.381    2.642    2.647    3.830
    4.033    4.109    4.325    4.330    4.641    4.654    4.866    6.408    7.492    8.176
    9.593   10.015   10.901   11.118
            0.416667  0.433013  0.000000
  -92.720  -92.719  -92.716  -56.056  -56.039  -56.038  -56.015  -56.013  -56.012  -55.835
  -55.834  -55.830  -52.228  -24.146  -24.146  -24.106  -15.880  -15.879  -15.393  -14.971
  -14.856  -14.856   -3.539   -2.905   -2.900   -2.294   -2.293   -2.218   -1.921   -1.919
   -1.843   -1.269   -1.256   -0.952   -0.454   -0.452   -0.350    0.503    1.066    1.069
    1.886    1.956    1.957    1.980    2.340    2.342    2.362    2.637    2.643    3.859
    4.024    4.120    4.295    4.382    4.677    4.687    4.858    6.143    7.527    8.220
    9.765    9.947   10.945   11.160
            0.402778  0.457069  0.000000
  -92.720  -92.719  -92.716  -56.054  -56.040  -56.039  -56.015  -56.013  -56.012  -55.835
  -55.834  -55.830  -52.228  -24.146  -24.146  -24.106  -15.861  -15.860  -15.444  -14.952
  -14.859  -14.859   -3.475   -2.936   -2.932   -2.287   -2.286   -2.244   -1.926   -1.925
   -1.851   -1.274   -1.261   -0.978   -0.407   -0.406   -0.351    0.548    1.037    1.040
    1.905    1.960    1.961    2.007    2.301    2.302    2.387    2.630    2.635    3.889
    4.021    4.142    4.263    4.441    4.710    4.718    4.850    5.888    7.566    8.273
    9.540   10.286   11.001   11.210
            0.388889  0.481125  0.000000
  -92.720  -92.719  -92.716  -56.053  -56.041  -56.040  -56.015  -56.013  -56.012  -55.835
  -55.834  -55.830  -52.228  -24.146  -24.146  -24.106  -15.840  -15.839  -15.498  -14.935
  -14.863  -14.863   -3.406   -2.970   -2.966   -2.281   -2.279   -2.266   -1.931   -1.931
   -1.862   -1.273   -1.260   -1.013   -0.367   -0.366   -0.349    0.602    1.005    1.008
    1.922    1.964    1.965    2.037    2.262    2.263    2.416    2.620    2.625    3.918
    4.022    4.172    4.231    4.508    4.740    4.746    4.841    5.642    7.608    8.334
    9.324   10.618   11.077   11.268
            0.375000  0.505181  0.000000
  -92.720  -92.719  -92.716  -56.051  -56.042  -56.041  -56.014  -56.013  -56.012  -55.835
  -55.834  -55.830  -52.228  -24.146  -24.146  -24.106  -15.817  -15.816  -15.555  -14.920
  -14.867  -14.867   -3.331   -3.005   -3.002   -2.284   -2.276   -2.274   -1.935   -1.935
   -1.874   -1.265   -1.253   -1.055   -0.345   -0.336   -0.335    0.663    0.972    0.975
    1.937    1.968    1.968    2.067    2.226    2.227    2.449    2.608    2.612    3.946
    4.029    4.176    4.233    4.583    4.766    4.770    4.832    5.409    7.652    8.403
    9.122   10.898   11.207   11.334
            0.361111  0.529238  0.000000
  -92.720  -92.720  -92.716  -56.049  -56.044  -56.043  -56.014  -56.012  -56.012  -55.834
  -55.834  -55.830  -52.228  -24.146  -24.146  -24.106  -15.791  -15.790  -15.613  -14.906
  -14.872  -14.871   -3.256   -3.041   -3.038   -2.293   -2.275   -2.272   -1.937   -1.937
   -1.889   -1.251   -1.239   -1.103   -0.337   -0.315   -0.314    0.730    0.938    0.941
    1.950    1.970    1.970    2.097    2.195    2.196    2.484    2.593    2.596    3.972
    4.040    4.141    4.281    4.666    4.785    4.789    4.823    5.192    7.694    8.481
    8.940   11.057   11.408   11.443
            0.347222  0.553294  0.000000
  -92.720  -92.720  -92.716  -56.048  -56.045  -56.044  -56.014  -56.012  -56.012  -55.834
  -55.834  -55.830  -52.228  -24.146  -24.146  -24.106  -15.763  -15.762  -15.672  -14.893
  -14.877  -14.876   -3.181   -3.077   -3.074   -2.293   -2.277   -2.274   -1.935   -1.934
   -1.907   -1.233   -1.221   -1.153   -0.324   -0.305   -0.304    0.799    0.903    0.907
    1.960    1.970    1.971    2.126    2.171    2.171    2.520    2.576    2.579    3.995
    4.054    4.103    4.332    4.757    4.799    4.802    4.814    5.000    7.727    8.567
    8.782   11.140   11.490   11.646
            0.333333  0.577350  0.000000
  -92.720  -92.720  -92.716  -56.046  -56.045  -56.045  -56.014  -56.012  -56.012  -55.834
  -55.834  -55.830  -52.228  -24.146  -24.146  -24.106  -15.734  -15.732  -15.732  -14.882
  -14.882  -14.882   -3.112   -3.109   -3.109   -2.286   -2.280   -2.280   -1.927   -1.927
   -1.926   -1.215   -1.198   -1.198   -0.308   -0.308   -0.307    0.868    0.868    0.874
    1.967    1.969    1.969    2.153    2.154    2.154    2.556    2.560    2.560    4.008
    4.072    4.072    4.358    4.805    4.806    4.806    4.858    4.858    7.741    8.661
    8.661   11.174   11.577   11.577
            0.320000  0.554256  0.000000
  -92.720  -92.720  -92.716  -56.047  -56.046  -56.043  -56.014  -56.012  -56.012  -55.834
  -55.834  -55.830  -52.228  -24.146  -24.146  -24.106  -15.792  -15.703  -15.702  -14.887
  -14.887  -14.872   -3.142   -3.141   -3.049   -2.294   -2.290   -2.261   -1.948   -1.914
   -1.913   -1.249   -1.183   -1.173   -0.323   -0.322   -0.287    0.834    0.838    0.936
    1.963    1.965    1.973    2.144    2.145    2.178    2.538    2.541    2.596    3.989
    4.071    4.091    4.323    4.798    4.799    4.805    4.816    4.962    7.724    8.591
    8.760   11.130   11.528   11.654
            0.306667  0.531162  0.000000
  -92.720  -92.719  -92.716  -56.048  -56.047  -56.041  -56.014  -56.013  -56.011  -55.834
  -55.834  -55.830  -52.228  -24.146  -24.146  -24.106  -15.852  -15.672  -15.671  -14.893
  -14.893  -14.863   -3.171   -3.170   -2.996   -2.308   -2.303   -2.231   -1.971   -1.897
   -1.896   -1.286   -1.156   -1.146   -0.351   -0.349   -0.262    0.801    0.805    0.997
    1.958    1.960    1.977    2.140    2.141    2.199    2.520    2.523    2.632    3.941
    4.087    4.113    4.234    4.793    4.794    4.798    4.854    5.074    7.672    8.572
    8.867   11.011   11.544   11.615
            0.293333  0.508068  0.000000
  -92.720  -92.719  -92.716  -56.049  -56.048  -56.039  -56.014  -56.013  -56.011  -55.835
  -55.834  -55.830  -52.228  -24.146  -24.146  -24.106  -15.911  -15.639  -15.638  -14.899
  -14.898  -14.855   -3.198   -3.197   -2.952   -2.325   -2.320   -2.196   -1.996   -1.875
   -1.874   -1.309   -1.128   -1.118   -0.389   -0.388   -0.232    0.767    0.771    1.053
    1.954    1.956    1.977    2.139    2.141    2.216    2.503    2.505    2.668    3.866
    4.098    4.135    4.154    4.782    4.786    4.790    4.940    5.194    7.588    8.600
    8.981   10.862   11.463   11.573
            0.280000  0.484974  0.000000
  -92.720  -92.719  -92.716  -56.049  -56.049  -56.036  -56.015  -56.014  -56.010  -55.835
  -55.833  -55.830  -52.228  -24.146  -24.146  -24.106  -15.971  -15.605  -15.604  -14.905
  -14.904  -14.847   -3.221   -3.220   -2.916   -2.344   -2.339   -2.165   -2.023   -1.849
   -1.848   -1.313   -1.098   -1.088   -0.438   -0.436   -0.197    0.732    0.736    1.101
    1.952    1.954    1.976    2.140    2.141    2.228    2.488    2.490    2.702    3.758
    4.066    4.149    4.157    4.766    4.768    4.789    5.053    5.323    7.483    8.664
    9.104   10.703   11.303   11.575
            0.266667  0.461880  0.000000
  -92.720  -92.719  -92.716  -56.050  -56.049  -56.034  -56.016  -56.015  -56.010  -55.835
  -55.833  -55.830  -52.228  -24.146  -24.146  -24.106  -16.030  -15.570  -15.570  -14.911
  -14.911  -14.841   -3.240   -3.240   -2.886   -2.366   -2.360   -2.144   -2.051   -1.820
   -1.818   -1.290   -1.067   -1.058   -0.495   -0.493   -0.157    0.696    0.700    1.140
    1.952    1.954    1.971    2.138    2.139    2.236    2.477    2.479    2.734    3.628
    4.042    4.169    4.180    4.744    4.746    4.789    5.182    5.460    7.367    8.754
    9.234   10.542   11.148   11.530
            0.253333  0.438786  0.000000
  -92.720  -92.719  -92.716  -56.051  -56.050  -56.032  -56.016  -56.016  -56.009  -55.836
  -55.833  -55.830  -52.228  -24.146  -24.146  -24.106  -16.088  -15.535  -15.535  -14.917
  -14.917  -14.835   -3.256   -3.255   -2.860   -2.389   -2.383   -2.140   -2.080   -1.789
   -1.787   -1.237   -1.037   -1.028   -0.560   -0.558   -0.114    0.659    0.663    1.168
    1.956    1.958    1.964    2.133    2.134    2.238    2.472    2.473    2.761    3.493
    4.038    4.192    4.202    4.718    4.719    4.792    5.324    5.604    7.248    8.863
    9.373   10.384   11.000   11.443
            0.240000  0.415692  0.000000
  -92.721  -92.719  -92.716  -56.051  -56.051  -56.029  -56.017  -56.016  -56.009  -55.836
  -55.833  -55.829  -52.228  -24.146  -24.146  -24.106  -16.146  -15.500  -15.499  -14.924
  -14.923  -14.829   -3.267   -3.266   -2.836   -2.413   -2.407   -2.153   -2.109   -1.756
   -1.754   -1.157   -1.007   -0.999   -0.629   -0.627   -0.065    0.619    0.623    1.186
    1.954    1.964    1.965    2.122    2.123    2.235    2.472    2.473    2.781    3.363
    4.050    4.214    4.224    4.689    4.690    4.798    5.477    5.757    7.130    8.986
    9.519   10.228   10.858   11.336
            0.226667  0.392598  0.000000
  -92.721  -92.719  -92.716  -56.052  -56.051  -56.027  -56.018  -56.017  -56.008  -55.836
  -55.833  -55.829  -52.228  -24.147  -24.146  -24.106  -16.202  -15.464  -15.464  -14.930
  -14.930  -14.825   -3.273   -3.273   -2.814   -2.438   -2.432   -2.179   -2.139   -1.722
   -1.720   -1.052   -0.979   -0.972   -0.700   -0.698   -0.013    0.578    0.582    1.193
    1.941    1.975    1.976    2.107    2.107    2.225    2.477    2.478    2.790    3.245
    4.077    4.235    4.244    4.657    4.658    4.806    5.639    5.918    7.014    9.123
    9.673   10.076   10.725   11.219
            0.213333  0.369504  0.000000
  -92.721  -92.719  -92.716  -56.052  -56.052  -56.025  -56.019  -56.019  -56.008  -55.836
  -55.833  -55.829  -52.228  -24.146  -24.146  -24.106  -16.256  -15.429  -15.428  -14.937
  -14.936  -14.820   -3.275   -3.275   -2.791   -2.463   -2.458   -2.216   -2.169   -1.689
   -1.687   -0.959   -0.951   -0.928   -0.768   -0.765    0.043    0.534    0.538    1.189
    1.926    1.989    1.990    2.087    2.087    2.210    2.486    2.487    2.780    3.149
    4.116    4.254    4.262    4.624    4.625    4.817    5.810    6.087    6.902    9.270
    9.835    9.929   10.599   11.100
            0.200000  0.346410  0.000000
  -92.721  -92.719  -92.716  -56.052  -56.052  -56.023  -56.020  -56.019  -56.007  -55.837
  -55.832  -55.829  -52.228  -24.146  -24.146  -24.106  -16.308  -15.394  -15.393  -14.943
  -14.943  -14.816   -3.271   -3.271   -2.768   -2.489   -2.484   -2.259   -2.199   -1.659
   -1.656   -0.953   -0.947   -0.819   -0.814   -0.794    0.103    0.488    0.491    1.176
    1.908    2.007    2.008    2.063    2.063    2.188    2.498    2.499    2.742    3.083
    4.167    4.270    4.278    4.590    4.590    4.830    5.990    6.264    6.795    9.427
    9.786   10.005   10.482   10.984
            0.186667  0.323316  0.000000
  -92.721  -92.719  -92.716  -56.053  -56.052  -56.022  -56.022  -56.019  -56.007  -55.837
  -55.832  -55.829  -52.228  -24.146  -24.146  -24.106  -16.358  -15.359  -15.359  -14.949
  -14.949  -14.813   -3.263   -3.262   -2.743   -2.515   -2.510   -2.304   -2.227   -1.635
   -1.631   -0.981   -0.977   -0.831   -0.825   -0.650    0.166    0.438    0.441    1.153
    1.889    2.026    2.026    2.039    2.040    2.159    2.512    2.513    2.677    3.047
    4.228    4.285    4.292    4.556    4.557    4.844    6.177    6.449    6.693    9.594
    9.649   10.179   10.375   10.871
            0.173333  0.300222  0.000000
  -92.721  -92.718  -92.715  -56.053  -56.052  -56.023  -56.023  -56.017  -56.006  -55.837
  -55.832  -55.829  -52.228  -24.146  -24.146  -24.106  -16.406  -15.326  -15.325  -14.956
  -14.956  -14.810   -3.249   -3.249   -2.718   -2.540   -2.535   -2.351   -2.256   -1.620
   -1.617   -1.026   -1.023   -0.817   -0.810   -0.500    0.232    0.386    0.388    1.122
    1.869    2.007    2.007    2.055    2.055    2.125    2.525    2.526    2.596    3.032
    4.293    4.300    4.303    4.522    4.524    4.861    6.373    6.597    6.641    9.517
    9.770   10.256   10.381   10.764
            0.160000  0.277128  0.000000
  -92.722  -92.718  -92.715  -56.052  -56.052  -56.024  -56.024  -56.015  -56.005  -55.838
  -55.832  -55.829  -52.228  -24.146  -24.146  -24.106  -16.451  -15.293  -15.293  -14.962
  -14.962  -14.807   -3.230   -3.229   -2.692   -2.565   -2.561   -2.397   -2.282   -1.623
   -1.619   -1.064   -1.062   -0.795   -0.788   -0.347    0.301    0.331    0.332    1.085
    1.846    1.979    1.980    2.081    2.081    2.086    2.509    2.538    2.538    3.025
    4.305    4.312    4.371    4.490    4.492    4.879    6.508    6.576    6.841    9.391
    9.954   10.168   10.567   10.663
            0.146667  0.254034  0.000000
  -92.722  -92.718  -92.715  -56.052  -56.052  -56.026  -56.025  -56.014  -56.005  -55.838
  -55.832  -55.828  -52.228  -24.146  -24.146  -24.106  -16.494  -15.262  -15.262  -14.968
  -14.968  -14.805   -3.205   -3.205   -2.665   -2.590   -2.585   -2.442   -2.308   -1.646
   -1.642   -1.083   -1.081   -0.770   -0.764   -0.192    0.272    0.273    0.372    1.044
    1.823    1.952    1.952    2.040    2.111    2.111    2.424    2.549    2.549    3.022
    4.312    4.318    4.448    4.460    4.463    4.897    6.424    6.786    7.048    9.272
   10.083   10.146   10.569   10.766
            0.133333  0.230940  0.000000
  -92.722  -92.718  -92.715  -56.052  -56.052  -56.027  -56.027  -56.012  -56.005  -55.838
  -55.832  -55.828  -52.228  -24.146  -24.146  -24.106  -16.533  -15.233  -15.232  -14.974
  -14.974  -14.803   -3.175   -3.175   -2.638   -2.613   -2.608   -2.484   -2.332   -1.691
   -1.687   -1.080   -1.077   -0.745   -0.740   -0.039    0.211    0.212    0.446    0.999
    1.797    1.925    1.925    1.990    2.142    2.143    2.343    2.557    2.557    3.019
    4.316    4.322    4.432    4.435    4.528    4.916    6.347    7.003    7.262    9.160
   10.005   10.342   10.486   10.973
            0.120000  0.207846  0.000000
  -92.722  -92.718  -92.715  -56.051  -56.051  -56.029  -56.028  -56.010  -56.004  -55.838
  -55.831  -55.828  -52.228  -24.146  -24.146  -24.106  -16.569  -15.205  -15.204  -14.980
  -14.980  -14.801   -3.141   -3.140   -2.635   -2.631   -2.610   -2.523   -2.354   -1.755
   -1.750   -1.057   -1.055   -0.722   -0.716    0.113    0.148    0.148    0.521    0.953
    1.769    1.899    1.900    1.935    2.175    2.176    2.268    2.563    2.563    3.016
    4.318    4.324    4.407    4.411    4.607    4.935    6.276    7.226    7.482    9.056
    9.935   10.393   10.563   11.187
            0.106667  0.184752  0.000000
  -92.722  -92.718  -92.715  -56.051  -56.051  -56.030  -56.030  -56.008  -56.004  -55.839
  -55.831  -55.828  -52.228  -24.146  -24.146  -24.106  -16.602  -15.178  -15.178  -14.986
  -14.986  -14.800   -3.101   -3.100   -2.655   -2.651   -2.585   -2.558   -2.375   -1.830
   -1.825   -1.020   -1.018   -0.699   -0.694    0.082    0.082    0.261    0.598    0.907
    1.738    1.875    1.876    1.876    2.200    2.210    2.210    2.565    2.566    3.011
    4.317    4.323    4.385    4.389    4.684    4.953    6.212    7.455    7.708    8.961
    9.874   10.323   10.776   11.406
            0.093333  0.161658  0.000000
  -92.722  -92.718  -92.715  -56.050  -56.050  -56.032  -56.032  -56.007  -56.004  -55.839
  -55.831  -55.828  -52.228  -24.146  -24.146  -24.106  -16.631  -15.154  -15.154  -14.992
  -14.992  -14.798   -3.056   -3.056   -2.674   -2.670   -2.595   -2.555   -2.393   -1.911
   -1.907   -0.973   -0.971   -0.679   -0.674    0.014    0.015    0.403    0.676    0.865
    1.704    1.813    1.853    1.854    2.139    2.244    2.244    2.565    2.565    3.006
    4.314    4.320    4.367    4.371    4.757    4.970    6.154    7.689    7.939    8.876
    9.822   10.257   10.997   11.629
            0.080000  0.138564  0.000000
  -92.722  -92.718  -92.715  -56.049  -56.049  -56.033  -56.033  -56.006  -56.003  -55.839
  -55.831  -55.828  -52.228  -24.146  -24.146  -24.106  -16.656  -15.132  -15.132  -14.998
  -14.998  -14.797   -3.008   -3.007   -2.691   -2.687   -2.623   -2.532   -2.409   -1.996
   -1.992   -0.920   -0.918   -0.660   -0.656   -0.055   -0.054    0.535    0.755    0.828
    1.666    1.747    1.834    1.835    2.086    2.279    2.279    2.560    2.561    3.000
    4.311    4.316    4.352    4.356    4.824    4.986    6.103    7.925    8.171    8.801
    9.780   10.197   11.222   11.632
            0.066667  0.115470  0.000000
  -92.723  -92.718  -92.715  -56.048  -56.048  -56.035  -56.035  -56.005  -56.003  -55.839
  -55.831  -55.828  -52.228  -24.146  -24.146  -24.106  -16.678  -15.112  -15.112  -15.004
  -15.004  -14.797   -2.956   -2.955   -2.705   -2.701   -2.647   -2.510   -2.423   -2.081
   -2.077   -0.862   -0.860   -0.644   -0.640   -0.126   -0.123    0.646    0.810    0.834
    1.623    1.679    1.817    1.818    2.040    2.314    2.314    2.553    2.553    2.994
    4.307    4.312    4.339    4.343    4.884    5.000    6.059    8.162    8.403    8.740
    9.750   10.143   11.353   11.450
            0.053333  0.092376  0.000000
  -92.723  -92.718  -92.715  -56.047  -56.047  -56.036  -56.036  -56.004  -56.003  -55.839
  -55.831  -55.828  -52.228  -24.146  -24.146  -24.106  -16.696  -15.094  -15.094  -15.010
  -15.010  -14.796   -2.901   -2.900   -2.717   -2.713   -2.668   -2.491   -2.434   -2.164
   -2.159   -0.801   -0.800   -0.631   -0.627   -0.196   -0.192    0.695    0.851    0.912
    1.576    1.610    1.803    1.805    2.003    2.347    2.347    2.542    2.542    2.988
    4.303    4.307    4.329    4.333    4.936    5.012    6.022    8.387    8.628    8.702
    9.736   10.091   11.086   11.511
            0.040000  0.069282  0.000000
  -92.723  -92.718  -92.715  -56.046  -56.046  -56.038  -56.038  -56.003  -56.003  -55.839
  -55.831  -55.828  -52.228  -24.146  -24.146  -24.106  -16.710  -15.078  -15.078  -15.017
  -15.017  -14.795   -2.847   -2.845   -2.727   -2.723   -2.684   -2.476   -2.443   -2.242
   -2.237   -0.739   -0.738   -0.620   -0.616   -0.265   -0.260    0.690    0.942    0.988
    1.524    1.541    1.792    1.794    1.974    2.380    2.380    2.527    2.527    2.983
    4.301    4.304    4.321    4.324    4.978    5.021    5.993    8.540    8.741    8.834
    9.742   10.037   10.840   11.214
            0.026667  0.046188  0.000000
  -92.723  -92.718  -92.715  -56.045  -56.045  -56.039  -56.039  -56.003  -56.002  -55.839
  -55.831  -55.828  -52.228  -24.146  -24.146  -24.106  -16.720  -15.065  -15.065  -15.024
  -15.024  -14.795   -2.796   -2.794   -2.733   -2.730   -2.695   -2.464   -2.450   -2.310
   -2.304   -0.679   -0.678   -0.612   -0.608   -0.330   -0.324    0.676    1.034    1.058
    1.470    1.475    1.784    1.786    1.953    2.411    2.411    2.510    2.510    2.979
    4.300    4.302    4.314    4.316    5.009    5.028    5.971    8.560    8.910    9.002
    9.776    9.974   10.636   10.951
            0.013333  0.023094  0.000000
  -92.723  -92.718  -92.715  -56.044  -56.044  -56.041  -56.041  -56.002  -56.002  -55.839
  -55.831  -55.828  -52.228  -24.146  -24.146  -24.106  -16.726  -15.052  -15.052  -15.033
  -15.033  -14.795   -2.756   -2.754   -2.738   -2.734   -2.702   -2.457   -2.454   -2.361
   -2.353   -0.629   -0.626   -0.608   -0.604   -0.385   -0.377    0.666    1.107    1.114
    1.421    1.422    1.779    1.781    1.940    2.439    2.439    2.489    2.489    2.977
    4.301    4.302    4.310    4.310    5.028    5.033    5.958    8.551    9.076    9.111
    9.832    9.903   10.502   10.750
            0.000000  0.000000  0.000000
  -92.723  -92.718  -92.715  -56.043  -56.043  -56.041  -56.041  -56.002  -56.002  -55.839
  -55.831  -55.828  -52.228  -24.146  -24.146  -24.106  -16.728  -15.042  -15.042  -15.042
  -15.042  -14.795   -2.740   -2.740   -2.736   -2.736   -2.705   -2.455   -2.455   -2.380
   -2.372   -0.606   -0.606   -0.602   -0.602   -0.410   -0.401    0.663    1.138    1.138
    1.399    1.399    1.778    1.779    1.936    2.465    2.465    2.466    2.466    2.976
    4.302    4.302    4.308    4.308    5.034    5.034    5.954    8.547    9.148    9.148
    9.865    9.865   10.457   10.668
